NEW_RUN	dt	dT_out	m	eta	kT	F	D
1.0000e-03	1.0000e-02	1.0000e+00	1.0000e+00	1.0000e+00	1.4142e+01	1.0000e+00
x
t	1.000e+00	samples	100000000	xmin	-5.660e+00	bin_w	5.660e-02
0	0	0	0	0	0	0	0	0	0	0	0	0	0	0	0	0	0	0	0	0	0	0	0	0	0	0	0	0	0	0	0	0	0	0	0	0	0	0	0	0	2	1	1	2	7	11	14	17	36	39	86	107	166	241	386	522	796	1228	1730	2469	3709	5020	7116	10107	13898	19137	26075	35161	47216	61938	81333	106139	136326	174991	221394	277683	345911	425948	520819	628223	753149	895976	1054875	1229918	1419973	1625109	1841852	2068494	2297084	2529780	2760105	2981838	3188069	3380177	3550347	3687855	3795846	3875784	3910636	3906299	3874086	3796998	3690517	3546651	3380124	3192084	2984669	2757951	2528594	2299517	2065592	1841909	1623804	1420868	1230140	1056607	896128	753792	628959	520228	425055	344508	278119	220085	174260	136010	105781	81420	62108	47073	35104	25521	18990	13619	10027	7241	4993	3634	2579	1769	1214	870	511	400	255	166	96	73	60	27	15	13	3	3	1	5	1	0	0	1	0	1	0	0	0	0	0	0	0	0	0	0	0	0	0	0	0	0	0	0	0	0	0	0	0	0	0	0	0	0	0	0	0	0	0	0	0	0	0	
t	2.000e+00	samples	100000000	xmin	-8.002e+00	bin_w	8.002e-02
0	0	0	0	0	1	0	0	0	0	0	0	0	0	1	3	0	5	4	4	5	15	13	18	19	20	33	51	68	90	137	138	230	308	383	447	584	797	1015	1271	1606	2039	2738	3269	4136	5200	6542	7965	9938	12466	15088	18620	22817	27491	33295	39933	48732	58007	68914	81395	96050	113746	132942	156377	181210	210061	241462	277204	318365	362175	410908	463906	523024	586810	655429	726676	804697	886510	974042	1065977	1159684	1254668	1356389	1455301	1559530	1659900	1764187	1863633	1959803	2055148	2142558	2226886	2304769	2374209	2435756	2489179	2532312	2562121	2586435	2595026	2594224	2586661	2564476	2529874	2491032	2434897	2372895	2304125	2227200	2143706	2053663	1960761	1864720	1762245	1663751	1556943	1457568	1354353	1257606	1158788	1062330	972849	888604	804453	727220	655195	586051	522943	465241	411605	363420	317243	277119	241541	209161	181032	155606	133026	113880	96140	81912	68926	57334	48035	39737	33287	27443	22685	18293	15092	12420	10229	8179	6523	5223	4213	3368	2705	2060	1630	1308	1021	785	568	503	383	265	199	170	106	85	55	45	38	40	22	15	5	7	5	7	1	3	1	1	1	1	1	0	1	0	1	0	0	0	0	0	0	0	0	
t	3.000e+00	samples	100000000	xmin	-1.019e+01	bin_w	9.800e-02
1	0	0	0	1	0	3	2	4	6	6	10	10	9	15	20	26	26	40	56	65	92	119	175	180	209	277	344	448	566	670	870	1068	1249	1704	1976	2431	2856	3691	4309	5166	6257	7430	8980	10670	12761	15083	17963	21335	25125	29555	34725	40346	47070	54454	63164	73360	84587	96860	110213	125674	142169	162870	184029	209089	233550	262393	293421	326609	363035	401036	444236	490285	536712	587692	642548	699274	757449	820216	882638	950830	1020237	1088524	1160442	1232709	1304364	1378348	1452743	1524899	1596633	1663886	1733073	1793062	1858768	1914699	1964493	2013641	2061551	2095730	2129114	2151925	2172824	2187757	2195077	2192725	2186366	2174223	2155859	2127393	2096514	2056739	2015410	1965037	1914301	1856307	1794914	1729524	1664212	1597572	1525196	1454067	1379112	1307083	1232989	1163504	1089016	1018952	950056	884896	819660	758150	696646	643187	589117	536600	489260	444604	401763	362925	326473	293207	262065	233602	207132	183873	163013	143266	126296	110802	96754	83972	73281	63263	54431	46971	40371	34360	29457	24983	21002	17989	15233	12893	10784	9102	7579	6146	5238	4400	3508	2922	2425	2024	1663	1292	1066	929	731	573	442	366	304	218	176	137	93	79	71	71	35	39	32	20	23	14	13	7	5	2	4	0	2	1	0	1	0	1	1	0	1	
t	4.000e+00	samples	100000000	xmin	-1.290e+01	bin_w	1.132e-01
1	0	1	0	0	0	2	2	1	2	0	8	4	5	12	12	12	21	21	34	31	39	65	80	84	105	124	153	206	253	342	373	433	554	674	872	1054	1233	1530	1862	2224	2645	3226	3849	4580	5385	6266	7628	8913	10341	12346	14415	16845	19590	22868	26640	30722	35429	40812	46624	53012	60951	70298	79021	89527	102001	114989	129453	145356	163326	181877	203954	226321	251562	277609	306005	337785	370135	407495	442664	482110	525029	569143	616391	666787	715166	769406	823192	881378	937021	995344	1055221	1117366	1177026	1238497	1300281	1360875	1423558	1482334	1540332	1592588	1648148	1698383	1746475	1792326	1832861	1870454	1905327	1934834	1960211	1981204	1993377	2005231	2012163	2007483	2003479	1998244	1981418	1957729	1934116	1906703	1873295	1835784	1791684	1748047	1698341	1649232	1594151	1539000	1481948	1423975	1363175	1298802	1239701	1178106	1118559	1056448	994976	936644	879907	825305	769233	716203	665983	616365	570013	525701	482003	443653	405750	369831	336431	307288	277112	250394	226155	203166	182608	162743	145620	129863	114943	102209	90413	79246	69287	60797	53641	47164	40623	35404	30922	26130	23060	19644	16648	14598	12410	10407	8954	7593	6285	5299	4638	3729	3257	2668	2244	1897	1567	1245	1052	915	726	571	490	350	338	277	201	172	140	104	98	64	47	48	39	33	29	22	9	10	6	4	6	7	3	3	4	4	1	4	0	0	0	0	0	0	0	0	1	
t	5.000e+00	samples	100000000	xmin	-1.581e+01	bin_w	1.265e-01
1	0	0	0	0	0	0	0	0	2	0	1	1	4	1	1	5	3	7	8	7	15	16	19	24	23	28	48	52	57	94	92	131	119	165	209	270	313	382	441	543	678	812	959	1124	1354	1732	1996	2533	2906	3375	4005	4637	5646	6570	7753	9001	10681	12550	14203	16620	19136	22094	25337	29173	33231	38301	43748	49696	56438	64436	72529	81838	91859	103498	115581	129616	144397	160700	178045	197906	218680	241221	265566	290532	319406	349160	382258	415563	450464	488976	528122	567826	611396	656911	703443	752693	802888	854560	907258	959154	1012425	1067449	1124936	1179225	1234287	1290930	1343178	1398772	1450222	1500709	1548362	1596137	1641308	1681552	1722028	1755335	1786745	1818849	1843017	1862395	1883064	1895212	1906921	1909089	1906339	1907008	1897526	1883409	1868077	1847232	1822449	1792404	1758638	1724829	1682728	1640717	1593501	1550368	1499643	1449537	1398154	1343254	1289009	1235190	1180239	1124754	1066773	1011472	960476	905564	852746	802212	752003	705737	657365	613248	569981	527155	487712	450547	413831	381671	349065	320385	292384	265542	241745	219557	198020	178605	160772	144328	129300	116251	103026	91972	81363	72410	64146	56615	49638	43446	38339	33123	29001	25456	22247	19189	16780	14247	12107	10565	9017	7796	6655	5651	4798	4025	3359	2941	2478	2027	1709	1515	1206	1022	841	658	618	491	413	315	258	200	152	163	108	80	91	57	51	36	26	20	20	17	16	8	8	7	4	5	5	2	1	1	1	1	1	0	1	1	1	0	0	1	
t	6.000e+00	samples	100000000	xmin	-1.691e+01	bin_w	1.386e-01
1	0	0	0	0	0	2	2	2	1	7	3	7	9	9	11	15	28	24	19	32	59	46	72	70	86	115	145	170	188	223	298	359	436	579	645	749	910	1098	1252	1517	1823	2160	2458	3045	3497	4121	5012	5770	6703	7818	9143	10577	12254	14405	16562	18761	21475	24929	28315	32299	37021	42024	47178	53476	61044	68353	77401	86199	96754	107778	121058	133909	148428	164562	182157	201375	220424	242121	266624	292109	318071	346760	376846	409258	443359	478308	515506	554831	595302	636813	681607	725702	773299	820896	869328	919114	970318	1019900	1074067	1125641	1176686	1230642	1278610	1328643	1380089	1427263	1474484	1518459	1561073	1603657	1640292	1675877	1708370	1742602	1764341	1783679	1806281	1821053	1834144	1844360	1846235	1845886	1840368	1835375	1825419	1807169	1789453	1766999	1739286	1710293	1677262	1645056	1600412	1560429	1522487	1473370	1426532	1377384	1331448	1280114	1228379	1176347	1124676	1073563	1022229	969036	919094	870584	819662	773330	727710	680186	635533	594923	555047	515912	478790	442627	409043	376294	347619	318280	293020	266998	243557	221474	201753	182519	165074	149064	133650	120601	107479	97092	86067	76881	68261	60458	53369	47396	42016	36984	32071	28147	24924	21700	18669	16476	14224	12262	10579	9205	7898	6768	5834	4895	4292	3589	3002	2584	2231	1895	1638	1323	1149	957	746	653	512	417	383	320	251	202	148	141	96	86	61	55	46	35	30	13	25	13	8	8	3	8	7	4	3	5	3	3	2	0	1	1	2	1	
t	7.000e+00	samples	100000000	xmin	-1.811e+01	bin_w	1.497e-01
1	0	0	3	0	5	5	3	8	9	5	13	19	12	23	23	29	40	39	51	56	88	87	117	123	158	213	245	320	352	449	542	591	756	839	1059	1231	1504	1737	2076	2333	2814	3232	3958	4620	5398	6276	7210	8307	9615	11281	13104	14996	17095	19634	22900	25675	29416	33249	37927	43353	48654	54397	61680	69131	76996	86596	97550	107917	118514	133111	147490	161517	179088	196850	216352	237682	260830	284954	309556	337699	364823	395413	427736	461799	496299	533327	573063	611819	652376	694819	741660	784637	832228	880197	927899	977867	1026078	1073586	1123567	1174868	1221995	1271916	1320956	1365850	1413293	1454674	1498470	1537975	1575925	1609835	1645915	1677269	1701392	1726071	1748830	1767672	1781735	1794333	1799905	1806366	1804941	1799447	1793564	1780636	1768845	1750785	1728236	1704405	1677473	1648149	1611479	1576366	1539060	1497781	1455654	1408524	1367435	1319405	1273435	1222134	1172734	1121770	1074448	1025550	975525	926862	880121	831964	785021	739260	696987	653581	612486	571971	533064	497604	462756	429660	396756	365029	336297	309881	284622	259969	238571	216656	197051	179593	163521	147858	132872	119285	107891	96539	86760	77502	69222	61288	53998	47889	42864	37784	33266	29367	25903	22542	19663	17326	15167	13135	11356	9715	8317	7194	6324	5413	4772	3998	3266	2879	2498	2049	1752	1505	1272	1068	876	743	609	532	443	360	284	264	196	161	148	117	80	74	60	65	44	31	20	21	18	11	10	7	7	2	4	4	5	3	2	1	1	3	1	1	2	0	1	
t	8.000e+00	samples	100000000	xmin	-1.984e+01	bin_w	1.600e-01
1	3	1	2	2	2	1	1	2	5	4	11	15	12	10	22	35	25	19	45	43	52	65	75	108	143	168	200	232	267	311	397	451	527	652	808	940	1106	1314	1550	1803	2117	2523	3053	3455	3894	4676	5350	6367	7456	8460	9986	11414	13032	15095	17332	19680	22542	25799	28831	32988	37215	42189	47851	53596	60264	67995	75485	84308	93441	104690	115962	128673	142106	156199	174110	189843	208819	228246	249213	272636	297503	322996	349759	378969	408467	440527	474931	508992	548346	584234	622546	664502	706259	749170	794586	839140	885938	932632	979841	1031363	1075258	1122220	1172561	1218261	1264636	1309232	1356328	1399885	1440472	1484356	1519140	1555227	1591562	1621933	1650548	1678595	1701398	1721935	1740126	1753573	1766089	1769003	1775505	1773814	1768305	1766213	1754703	1738982	1722878	1704060	1680077	1652365	1623645	1591635	1558255	1520382	1481219	1444066	1399680	1354153	1309740	1264139	1218413	1169332	1123122	1075622	1026101	977959	931213	885981	837546	793713	750950	706782	665736	623743	584072	546651	509818	475366	441213	409909	379258	350993	322650	295985	274075	250575	228393	209211	189642	173113	156788	142481	128703	116032	105171	93888	84562	75597	67613	60144	53765	47464	42398	37505	33272	29056	25231	22600	19517	17005	15073	13134	11459	9872	8555	7403	6335	5508	4735	3985	3582	3089	2490	2218	1823	1546	1339	1101	937	760	645	550	485	394	324	278	209	187	154	140	110	96	70	59	46	39	35	28	23	17	11	9	7	7	4	3	7	7	1	1	1	2	1	0	0	1	
t	9.000e+00	samples	100000000	xmin	-2.172e+01	bin_w	1.697e-01
1	2	1	0	2	0	2	1	1	1	4	6	4	7	10	12	15	18	21	31	34	29	34	47	57	71	83	112	130	145	188	208	255	309	438	474	561	658	805	929	1117	1274	1539	1780	2199	2478	2967	3394	3933	4677	5459	6172	7290	8480	9534	11103	12844	14496	16539	19300	21801	24827	28098	31925	36014	40674	45618	50883	57819	64497	72177	80677	89752	100279	110746	122620	135595	150044	164390	181128	198063	217060	237488	258737	282076	306626	332012	359497	388600	420317	450882	483394	520099	557028	591635	633054	672919	714580	757239	799476	845298	888371	934922	981501	1030062	1076012	1123083	1168584	1214339	1258802	1303527	1348010	1390635	1430742	1468822	1506602	1540820	1575297	1606572	1632510	1659082	1682754	1702637	1718634	1732474	1743045	1747421	1751171	1753510	1749718	1743630	1732891	1719400	1701570	1682258	1659912	1636074	1606508	1576385	1543125	1504548	1469866	1430804	1389490	1350313	1303956	1258558	1215558	1165764	1119044	1074411	1029998	983499	935244	889778	842916	798517	757460	713447	673528	632431	591809	554936	518783	484855	452085	419105	388645	361481	332193	307004	283027	259676	237853	217442	199071	181562	164393	149699	135445	122352	111368	100042	90027	80680	72471	64994	57829	51089	45905	41019	36097	31963	28163	24621	21803	18953	16611	14621	12680	10978	9595	8239	7221	6251	5416	4704	4028	3443	3055	2496	2144	1837	1531	1359	1103	939	790	692	536	453	403	333	281	233	196	169	130	112	93	81	60	60	42	32	26	18	18	23	19	13	8	6	2	2	0	2	3	0	1	1	0	1	1	1	0	0	0	0	0	0	0	0	1	
t	1.000e+01	samples	100000000	xmin	-2.379e+01	bin_w	1.789e-01
1	0	0	0	0	3	0	1	1	0	1	1	2	6	3	0	7	6	8	13	16	19	14	22	28	29	42	48	62	67	107	97	116	143	183	227	266	303	405	484	531	642	794	854	1047	1287	1481	1779	1987	2377	2847	3307	3861	4465	5036	5996	6796	8084	9295	10469	12123	13828	16022	18171	20501	23208	26630	30408	33961	37878	43589	48962	54479	60765	68628	76410	84789	94371	104542	115595	127757	140724	155388	170510	187746	205227	224251	245154	265812	289334	313820	340612	366528	395751	427623	458513	491825	527533	563188	599867	640888	678344	718931	761276	804265	848294	893810	937741	982558	1030490	1073940	1121387	1166099	1210687	1255604	1298197	1341798	1382583	1422159	1458518	1496058	1529789	1562177	1592151	1621651	1646675	1667758	1686063	1700313	1717604	1724304	1730974	1735559	1737048	1731619	1722979	1714686	1703861	1687360	1668219	1646190	1621846	1592219	1563721	1533201	1496860	1460345	1422264	1382476	1340514	1297963	1253233	1211789	1164339	1120795	1074446	1028345	983668	937649	893908	847161	804250	760291	719256	678736	638586	600368	563756	526894	492300	457773	426185	396621	366212	340552	314731	289382	267815	244330	224573	205683	187595	171298	156207	140920	128024	116073	104906	94640	84605	76442	68631	61242	54561	48783	43462	38690	34098	30038	26477	23502	20767	17887	15816	13765	12296	10520	9092	8078	6881	5872	5119	4535	3871	3298	2844	2423	2038	1757	1473	1318	1161	947	747	710	521	429	374	338	255	236	183	149	141	118	96	77	74	48	42	29	35	24	19	11	10	10	8	8	7	5	4	2	3	0	0	1	0	1	0	0	0	0	0	0	0	0	0	0	0	0	0	0	0	0	0	0	0	0	0	1	
v
t	1.000e+00	samples	100000000	xmin	-5.800e+00	bin_w	4.000e-02
	1	0	0	0	0	0	0	0	0	1	0	0	0	1	0	0	1	1	1	1	0	1	0	5	2	8	9	9	10	4	18	18	24	19	23	35	49	39	71	65	90	108	135	175	197	221	248	282	367	414	524	652	748	866	977	1195	1316	1587	1836	2235	2562	2913	3330	3885	4398	5269	5993	7022	7954	9042	10437	11815	13679	15540	17536	20236	22640	25811	28676	32407	36753	41287	46077	51503	57925	64485	71747	80008	88899	98486	108833	120712	132082	145719	160340	176642	192706	210028	229534	250560	270923	294964	319521	345158	372305	400491	431137	463307	495077	530310	566440	602764	642590	681917	722317	764033	804846	849156	893644	937830	979533	1026544	1073183	1116424	1162507	1205592	1250612	1293771	1338668	1376969	1416098	1451459	1487778	1524254	1552533	1583208	1610822	1637351	1657580	1674827	1692803	1705856	1714152	1722102	1725038	1723542	1722238	1711263	1706747	1691316	1676039	1657121	1636601	1609535	1585864	1556204	1520897	1490861	1453694	1416073	1376776	1335828	1292760	1248831	1208606	1164168	1118202	1073250	1028597	983340	937473	893595	848189	804556	762538	721908	681814	641295	603122	566573	529471	496726	463248	430713	400615	371624	343952	319683	294871	271736	250137	229531	211740	193116	175530	160513	146140	132448	120388	109209	98195	89143	79987	71559	64139	57685	51544	46271	41200	36513	32578	28959	25392	22631	19930	17611	15455	13395	12047	10230	8879	7715	6891	5885	5116	4478	3974	3372	2923	2616	2177	1791	1558	1387	1161	1026	825	676	597	524	398	392	313	262	231	188	168	136	90	109	84	47	47	38	46	26	31	15	18	15	15	9	3	3	4	4	4	1	1	0	2	0	0	0	2	1	0	1	
t	2.000e+00	samples	100000000	xmin	-5.880e+00	bin_w	4.000e-02
	1	0	1	0	0	1	0	0	1	0	2	0	4	2	2	3	2	2	5	2	3	6	4	7	15	17	21	17	18	30	30	28	40	55	73	84	80	98	131	143	190	203	229	312	362	431	470	564	694	759	900	1014	1188	1329	1536	1835	2137	2511	2804	3275	3752	4256	4962	5595	6335	7294	8421	9778	10703	12236	13760	15669	17890	19728	22165	24931	28037	31193	35164	39193	43792	48726	53654	59627	66440	73388	80683	89047	98200	107309	118901	128980	141554	154643	168363	183294	199427	217136	234189	252221	273853	295274	318400	340888	367485	392958	419923	447281	477174	507459	540229	573227	607691	640970	678333	715601	751200	789835	827945	867713	906215	945852	987760	1024436	1066203	1104217	1145597	1182775	1220907	1255698	1293374	1325082	1361943	1393320	1420514	1451901	1474997	1498700	1523618	1544008	1562976	1578139	1589874	1601595	1609799	1615007	1617660	1616059	1614623	1609265	1601195	1591653	1576016	1561173	1542745	1523820	1500772	1477804	1449987	1420345	1391414	1362006	1327254	1291802	1255638	1220035	1182687	1145475	1102367	1065695	1025084	983284	946381	904884	868450	828531	790447	751991	714473	677729	641145	607566	573586	539575	509128	478517	449619	420965	393218	366134	341666	319084	295889	273580	253056	235269	216653	200179	183453	169208	155405	141816	129487	118426	107783	98783	89155	80420	73406	66352	59760	53777	48580	43949	39310	35006	31516	27789	24932	22383	19625	17850	15678	13764	12191	10650	9577	8072	7188	6313	5563	4969	4219	3891	3340	2859	2372	2100	1864	1592	1392	1256	1048	900	779	640	618	513	391	359	337	233	233	171	130	120	94	84	74	60	61	49	45	33	25	30	19	16	20	12	9	12	8	3	9	4	3	1	3	1	1	1	0	0	0	0	1	0	0	0	0	0	2	0	0	1	
t	3.000e+00	samples	100000000	xmin	-5.600e+00	bin_w	4.000e-02
	1	0	1	1	0	1	1	2	1	3	4	4	10	10	6	9	9	14	17	16	21	39	34	33	36	67	67	89	76	115	115	138	176	182	252	261	314	390	460	552	604	665	837	940	1183	1329	1518	1738	2106	2340	2768	2968	3688	4028	4641	5312	5949	6934	7808	8974	10203	11499	12903	14928	16495	18917	21112	23878	26510	29450	33039	36906	41207	45666	50684	56343	62124	69115	76422	84142	92876	101689	111235	122032	133736	146014	158658	173887	187515	204654	221958	239936	258945	280019	300840	323280	347850	373490	397850	425375	454065	482819	514357	544791	578738	611585	646375	682256	718034	755439	792814	829941	868373	907008	947358	985855	1023941	1063369	1101770	1138835	1178734	1214051	1251379	1286734	1323274	1351756	1382936	1413935	1440266	1464478	1492122	1513379	1532604	1550061	1563109	1578836	1588772	1597423	1601438	1605969	1602544	1602798	1596837	1590158	1578831	1568132	1550566	1534451	1513093	1491615	1467974	1441241	1414058	1382845	1352600	1321317	1284734	1252079	1215203	1179217	1141949	1102781	1063434	1025349	986697	947112	908124	869055	831893	792484	755595	717128	681270	646132	611217	578163	545784	513128	482799	453896	424817	398339	372221	347091	323272	300947	279130	257696	240612	221589	204591	188389	173941	159352	145924	133395	122411	111225	101862	93114	84135	76452	69343	62489	56609	50723	45858	41254	36912	33078	29657	26958	23659	21049	18622	16539	14742	13132	11684	10002	9074	8033	6971	6007	5326	4648	3999	3626	3134	2815	2396	2095	1864	1561	1270	1088	999	827	750	635	564	441	399	327	270	252	215	156	154	112	115	94	70	66	64	48	36	26	25	18	19	19	16	6	8	4	5	8	8	4	2	3	2	1	2	1	1	2	0	0	0	0	0	1	0	1	0	0	0	0	0	1	
t	4.000e+00	samples	100000000	xmin	-5.880e+00	bin_w	4.000e-02
	1	0	1	0	0	0	0	0	0	1	0	1	4	2	3	3	4	5	5	5	6	9	7	17	16	18	17	21	18	31	59	53	50	59	69	103	91	132	151	169	226	252	294	334	389	453	529	630	742	828	998	1133	1331	1514	1880	2064	2512	2643	3212	3609	4152	4720	5380	6079	7009	7946	9173	10330	11775	13297	14890	16712	18927	21295	23855	26615	29508	33039	37091	41700	45975	51140	56993	63319	69722	76738	84567	93479	102306	112062	122718	134012	145761	160097	174262	188888	205731	222147	240446	260836	279608	301762	324168	348829	373106	399162	426986	456094	483086	515050	546055	579276	613403	646867	683902	715958	756266	790831	829264	866891	907292	946968	987178	1024713	1064050	1103535	1141672	1177708	1213569	1247463	1285724	1316723	1347939	1384587	1412736	1439620	1467882	1488312	1513450	1530023	1548564	1563755	1577265	1586442	1594946	1598574	1602827	1601261	1599381	1594520	1588133	1577272	1562257	1549531	1530848	1512129	1489517	1466326	1438773	1413260	1383403	1350658	1319044	1287124	1252031	1214429	1179802	1142349	1100957	1064378	1024987	986899	946702	909340	870284	829802	792165	755090	718443	682097	647312	612937	579449	546847	517424	483715	455487	425584	400478	373263	347692	325052	302311	280424	259029	241014	222816	204641	188837	173654	160322	146725	134054	122361	111729	102414	92692	85014	77038	69164	62571	56582	50746	46037	40817	37045	33230	29858	26549	23901	21476	18840	16775	14980	13296	11658	10376	9043	7926	6965	6157	5390	4879	4179	3688	3186	2690	2412	2078	1790	1558	1290	1137	1010	821	701	604	551	468	389	366	270	246	200	172	159	134	103	101	62	78	51	47	37	23	26	20	23	11	7	16	7	10	8	3	7	3	1	3	2	3	0	0	0	1	1	0	0	0	1	0	0	0	0	1	
t	5.000e+00	samples	100000000	xmin	-5.720e+00	bin_w	4.000e-02
	1	1	2	0	0	1	1	0	0	7	5	0	4	2	2	5	10	9	6	9	12	19	13	18	28	33	28	48	61	65	69	90	103	121	172	173	224	255	310	360	415	437	531	647	756	844	1049	1191	1358	1536	1830	2024	2381	2689	3143	3628	4116	4675	5581	6257	7085	7959	9134	10250	11611	13049	14745	16865	18734	21337	23992	26968	29610	33255	37338	41810	46090	51379	57003	62752	69592	76620	84777	92645	102754	112546	122817	134615	146864	160356	173562	189851	204823	222798	240944	259989	279307	302606	324720	347850	373063	399591	426862	454117	483578	514367	546577	579298	613407	645412	682793	719066	755387	792952	831095	868424	908271	947313	984781	1024733	1065451	1101224	1139891	1178027	1213443	1248504	1284133	1319341	1352823	1382962	1411909	1438231	1466184	1490007	1509035	1532375	1549056	1564987	1577506	1587783	1591991	1599353	1600385	1602609	1601025	1595422	1584813	1577992	1562134	1547443	1529519	1512794	1490784	1466338	1441866	1411422	1382947	1351600	1320755	1285581	1249390	1215505	1177703	1141135	1101525	1064579	1024058	987359	946162	907419	870124	830528	793299	755449	718715	683518	646736	612048	579352	545041	515121	483847	455922	425961	399252	371773	348177	324585	300885	280377	260048	241631	223025	205245	188043	174176	160270	146805	134272	123396	112335	102256	93011	84959	76879	69972	63242	56753	51215	46009	41733	37320	33637	29845	26778	23999	21573	18960	16852	14754	13008	11653	10224	9158	8053	7042	6172	5423	4559	4186	3661	3148	2737	2354	2137	1910	1543	1369	1179	977	880	775	619	526	467	410	323	303	253	243	164	147	127	84	90	72	62	44	52	42	35	30	25	20	9	10	9	11	12	6	8	5	2	1	4	1	1	0	2	1	1	0	1	0	0	0	0	0	0	0	0	0	0	1	0	0	1	0	0	0	0	1	
t	6.000e+00	samples	100000000	xmin	-6.120e+00	bin_w	4.000e-02
	1	0	0	0	0	0	0	0	0	0	1	0	0	1	0	1	1	2	1	2	1	2	1	2	6	5	3	9	16	15	6	14	24	23	32	29	40	47	40	73	77	93	126	142	157	175	216	221	303	346	393	446	527	655	707	863	995	1088	1362	1533	1848	2072	2365	2744	3202	3645	4162	4733	5341	6276	7096	8034	9065	10501	11625	13123	14963	16771	18932	21350	23911	26778	30291	33125	37309	41592	46519	51303	56620	62751	69399	77009	85018	93200	102467	112315	123012	134001	147003	160268	174216	189107	205310	222630	240581	260018	280887	301917	323998	348727	373846	399147	427364	454718	483566	515528	545748	579075	611792	647359	682507	718271	753925	793459	831792	869513	907953	947181	985729	1025259	1065089	1102616	1139401	1176768	1214325	1251382	1285391	1317806	1351788	1382193	1408701	1441310	1465994	1488070	1509559	1532264	1549618	1564910	1575300	1585057	1595512	1597485	1602152	1602439	1602049	1595139	1587709	1577552	1561282	1550033	1531502	1511026	1488088	1465150	1440044	1411009	1382374	1350573	1320450	1284902	1250454	1214516	1177484	1140772	1101183	1063151	1025300	985012	945985	906892	869792	832315	793089	753892	719575	682642	646559	612334	579619	546367	514126	484108	455511	426925	399510	373228	347396	325135	301648	281259	260375	241470	223148	205362	190317	174506	159064	146459	135074	122820	112181	102785	93098	84955	76905	69762	63179	57030	51249	45897	41733	37346	33088	29945	26809	23882	21315	19015	16889	15022	13022	11415	10234	9128	7932	7061	6174	5551	4729	4220	3556	3063	2739	2466	1984	1723	1537	1324	1151	971	830	725	668	560	470	360	364	273	275	186	168	163	128	114	83	97	67	58	55	48	37	23	15	19	15	9	11	6	10	7	4	1	2	2	1	3	1	0	2	0	1	0	1	1	0	0	0	0	0	0	0	1	
t	7.000e+00	samples	100000000	xmin	-5.920e+00	bin_w	4.000e-02
	1	0	0	0	1	1	0	0	0	0	2	2	1	3	1	4	2	4	1	7	6	5	9	14	11	4	16	17	21	30	29	34	52	53	67	68	101	100	142	153	181	204	241	284	361	422	492	533	653	754	848	1014	1154	1330	1596	1778	2097	2379	2762	3114	3599	3899	4924	5537	6234	7072	8099	9094	10394	11765	13165	15182	17118	18763	21341	24219	26829	29841	33575	36959	41562	46257	50998	56593	62585	69442	76956	84593	93416	102524	112146	122947	134006	146347	159871	174515	189507	205291	223178	240303	259416	280759	300436	324870	348014	373078	398604	427026	455492	484338	515099	545132	579253	611339	646736	682615	719202	755981	794790	831941	868771	907998	948097	985612	1024983	1064328	1103313	1141002	1177648	1214919	1250839	1285725	1319446	1350617	1382841	1411048	1440002	1467385	1488888	1509979	1529571	1548266	1564197	1575023	1587474	1593287	1599917	1601572	1602832	1600275	1592726	1586022	1576123	1561919	1547171	1530502	1513487	1489177	1465038	1441454	1412194	1382417	1352654	1319015	1284841	1251451	1215314	1176787	1139658	1102520	1063895	1024813	986999	947590	908255	869692	830010	793999	755138	719444	682445	646996	611285	579689	546142	515189	484851	454570	426799	399157	372490	346838	324866	302092	280877	259728	240631	222396	204603	189164	174095	159341	147449	133883	122814	112209	102691	93036	84561	76888	69436	63173	57075	50843	46149	41709	37521	33344	29995	26752	23957	21335	18697	16751	14912	13258	11633	10396	9099	8060	7013	6198	5376	4802	4106	3580	3082	2777	2342	2072	1786	1504	1342	1188	1010	834	722	630	551	462	401	358	299	256	198	169	150	137	109	84	74	76	55	46	54	46	14	32	15	20	11	12	9	9	4	2	5	2	6	2	3	2	1	0	1	0	0	1	0	1	1	0	1	0	1	
t	8.000e+00	samples	100000000	xmin	-5.960e+00	bin_w	4.000e-02
	1	0	0	0	0	0	0	0	0	0	2	1	1	1	1	2	2	5	2	2	7	2	5	7	4	7	11	22	18	26	36	23	42	46	39	54	77	95	117	149	170	179	204	259	265	316	380	481	545	576	737	877	1014	1214	1356	1584	1825	2065	2401	2845	3158	3481	4081	4772	5562	6367	7002	8153	9067	10387	11758	13084	14999	16763	18741	21207	24063	26913	29858	33478	37575	41532	45634	51071	56876	63089	69888	76669	84850	92590	102501	111921	123032	134335	147841	160162	174373	189677	205320	223022	241064	258625	280873	302394	323980	348912	373181	399238	426742	454664	484139	513596	545978	579732	613580	646066	682327	718336	756262	791786	830756	868201	907850	946859	985281	1025530	1063716	1102665	1142117	1177880	1213410	1248381	1284842	1318897	1349918	1381478	1411261	1440414	1463415	1489624	1512384	1532992	1547551	1562745	1577266	1588617	1595115	1599209	1600880	1599749	1601071	1594885	1585618	1578219	1563715	1549767	1530113	1511414	1487616	1467719	1437672	1412181	1384994	1351699	1319035	1286535	1251194	1213113	1178155	1141538	1102467	1062636	1025102	985362	946060	908101	868683	830442	793827	756389	718932	683093	646613	612794	578747	546169	513723	484762	454941	427137	399045	373807	348668	324731	301698	280027	260582	240883	222268	205668	188662	174350	160436	146091	133887	123326	112458	102602	93362	84566	77033	69781	62910	56613	51547	46282	41453	37094	33239	30001	26675	24009	21218	18787	16599	14883	13259	11678	10301	9215	8175	6893	6314	5436	4772	4100	3648	3149	2740	2352	2144	1912	1541	1385	1225	984	883	745	631	521	478	387	344	297	256	203	195	162	119	99	89	71	70	49	41	30	33	36	16	23	20	15	13	12	1	5	3	6	2	4	4	3	0	0	1	1	1	1	0	0	0	1	0	1	0	0	0	0	0	0	0	0	0	1	
t	9.000e+00	samples	100000000	xmin	-6.040e+00	bin_w	4.000e-02
	1	0	0	0	0	0	0	0	0	2	0	1	3	0	1	0	0	1	7	2	3	2	2	5	6	5	8	12	17	11	9	30	35	35	42	36	52	69	74	80	107	109	143	173	219	236	304	325	394	455	513	648	765	848	985	1141	1279	1517	1726	1998	2416	2642	3288	3554	4104	4718	5449	6194	7055	7877	9072	10130	11858	13243	15056	16584	18937	21448	23910	26969	29851	33258	37108	41039	46251	50971	56772	62673	69158	76345	84475	93284	102583	112270	123125	134236	146446	160297	173376	189154	204991	223265	240529	259481	280444	301377	324010	348477	373460	398822	427009	455332	485630	514341	546797	578193	611763	647521	681099	718691	754179	794374	830256	867349	908666	948106	986801	1023163	1064932	1099579	1138661	1179089	1214505	1251638	1284642	1320410	1351977	1383706	1411962	1439457	1464263	1488986	1511792	1530650	1548187	1564990	1576945	1588695	1594823	1598183	1601232	1602800	1601498	1596914	1586351	1572766	1566143	1548193	1530586	1509748	1490541	1466746	1440884	1410918	1383697	1351713	1319044	1284969	1250620	1216198	1178977	1138970	1101775	1062492	1024771	986394	946555	906894	868560	831378	792861	755336	718763	683792	647315	611185	577817	547274	513851	484217	456107	426045	399244	372743	348740	324552	302434	279505	260204	241080	223103	205443	189013	174214	160498	146917	134787	123350	112058	102358	93282	84397	76952	69383	63344	56993	51153	46016	41616	37279	33369	30072	26866	23850	21168	18823	16755	14912	13283	11618	10203	9314	8028	6924	6177	5567	4778	4038	3638	3150	2750	2474	2093	1724	1536	1416	1189	1018	884	755	669	550	468	422	334	271	230	212	165	168	119	110	95	80	61	50	41	32	35	31	22	17	16	13	13	12	4	7	4	4	1	1	2	2	2	1	0	1	1	0	1	2	1	
t	1.000e+01	samples	100000000	xmin	-5.720e+00	bin_w	4.000e-02
	1	0	1	0	0	1	0	0	1	1	5	2	3	5	7	5	7	9	12	12	10	19	25	25	23	39	47	38	45	65	67	87	133	126	151	192	219	235	264	351	379	462	548	614	746	914	1090	1164	1340	1508	1756	2070	2320	2725	3270	3554	4110	4761	5365	6115	7117	8119	9159	10155	11663	13191	15118	16789	19038	21410	23739	26531	29903	33623	37349	41271	46124	51223	57329	62734	70114	76719	83808	93435	102189	112119	123000	134449	147110	159778	174032	188883	203942	222373	240785	259973	280464	302781	324543	348902	372630	398790	427097	455354	483809	515445	545865	580528	612829	646706	682641	717938	754501	792848	831649	869596	907370	946889	985957	1024155	1063191	1102885	1140470	1178596	1214709	1250749	1288101	1319667	1350922	1380364	1412016	1440745	1465871	1490039	1511278	1531282	1550189	1562481	1575512	1588337	1595730	1598967	1601399	1600852	1598663	1595403	1584942	1577201	1563901	1546303	1528427	1510858	1489142	1465996	1439487	1412369	1383072	1349156	1319160	1283660	1252696	1214234	1179549	1140630	1104153	1064440	1026830	988306	945745	908779	869808	831408	792364	756348	716855	681797	646728	613015	577960	546267	514340	484260	453918	426217	399430	374499	347211	324924	302040	280248	260368	240446	222121	205593	188547	174883	160451	146650	134855	122711	112104	102076	93043	84308	76821	69784	62221	57023	51220	46228	41983	37271	33372	30044	26806	23685	21209	18938	16601	14625	13167	11775	10367	8962	8128	7074	6061	5338	4567	4194	3639	3205	2789	2430	2017	1901	1489	1325	1101	943	918	689	606	533	440	422	349	311	228	231	165	168	131	92	88	75	59	54	51	33	34	19	27	18	14	12	12	9	7	4	7	2	1	1	2	0	2	3	0	0	2	0	1	3	0	0	0	1	0	1	
x2
t	1.000e+00	samples	100000000	xmin	-2.002e+00	bin_w	5.005e-02
	0	0	0	0	0	0	0	0	0	0	0	0	0	0	0	0	0	0	0	0	0	0	0	0	0	0	0	0	0	0	0	0	0	0	0	0	0	0	0	3	30196240	11470144	8156178	6376176	5203599	4358357	3724021	3211896	2794760	2453652	2164345	1918161	1709660	1522133	1363877	1223774	1098986	993622	893993	807423	732002	661158	599911	545391	495214	451709	410822	374805	341757	311088	284158	260364	236893	216584	199448	181873	166398	151890	140189	127475	117427	108028	98997	90616	83544	76229	70316	64716	59528	54883	50309	46285	42715	39320	36326	33222	30745	28143	26281	24007	22287	20728	18830	17378	15864	14692	13516	12574	11528	10567	9905	9059	8395	7765	6923	6554	6209	5608	5105	4881	4524	4114	3757	3574	3190	3054	2745	2613	2349	2158	1930	1896	1679	1646	1525	1492	1279	1198	1109	1068	959	801	786	711	687	704	579	572	536	455	462	439	382	379	314	304	263	268	253	188	201	179	170	157	163	151	141	118	136	95	106	84	85	83	70	71	56	60	53	42	63	42	41	28	32	37	32	23	43	24	19	22	17	27	22	21	13	18	9	9	12	6	15	8	11	8	8	3	6	7	3	2	6	6	3	3	6	5	1	4	0	3	3	1	3	3	0	2	4	0	1	0	2	1	1	0	0	1	0	1	1	0	1	1	1	0	2	0	0	0	0	0	1	1	0	0	0	0	0	0	1	0	1	0	0	0	0	0	0	0	1	0	0	0	0	0	0	0	0	0	0	0	0	0	0	0	0	0	0	0	0	0	1	
t	2.000e+00	samples	100000000	xmin	-4.002e+00	bin_w	1.001e-01
	0	0	0	0	0	0	0	0	0	0	0	0	0	0	0	0	0	0	0	0	0	0	0	0	0	0	0	0	0	0	0	0	0	0	0	0	0	0	0	1	20314558	8104634	6009750	4901038	4176124	3650583	3247587	2923652	2656735	2432924	2236625	2067365	1918739	1784767	1667356	1558103	1460634	1373206	1292571	1217441	1148290	1085625	1027019	971386	921688	873160	828459	785218	747298	709608	676090	644331	611762	585309	557312	530483	506688	483543	462060	440618	422764	402888	385936	368766	351898	337629	322989	308558	295555	284018	271365	259636	249166	239372	228810	219660	209928	202346	193511	186408	178280	170852	164292	157508	151205	145628	139195	132820	128967	123717	118804	114398	108994	105418	101774	97310	93189	90171	86276	83489	80750	77022	73936	71009	69019	66043	63752	60985	58396	56861	54254	52193	50356	48723	46964	45158	43236	41608	39929	38259	37184	35595	34714	33390	32093	30595	29954	28570	27698	26465	25486	24916	23880	22857	22064	21255	20534	19633	19260	18331	17670	16802	16563	16168	15101	14672	14094	13635	13064	12435	12260	11876	11533	11041	10629	10371	9837	9497	9235	8934	8387	8336	7881	7741	7440	7269	6847	6624	6317	6173	5939	5759	5622	5337	5075	5084	4840	4650	4467	4286	4243	4012	4013	3865	3558	3617	3419	3317	3181	3019	2990	2899	2785	2604	2622	2400	2389	2376	2207	2159	2063	2013	1974	1932	1830	1683	1701	1580	1677	1548	1500	1360	1320	1322	1276	1251	1249	1157	1120	1059	1039	1035	1011	975	883	837	874	771	831	807	746	748	734	701	646	633	613	580	553	539	512	486	479	482	472	453	411	402	379	366	412	362	366	348	294	297	300	313	315	275	270	269	265	228	254	204	235	195	218	173	200	204	179	179	150	154	166	137	131	136	137	123	132	123	117	133	104	110	103	105	101	91	87	81	84	92	89	107	88	86	74	64	66	73	51	76	55	45	58	55	58	40	63	44	38	47	32	39	44	51	32	33	30	29	27	39	29	25	29	24	28	17	23	29	31	15	21	19	21	17	15	16	14	15	11	12	16	19	9	15	9	18	10	11	12	15	11	8	4	11	8	9	5	10	5	6	11	6	6	11	6	9	7	5	4	8	5	7	8	4	4	2	6	3	3	3	4	7	7	3	5	6	0	5	3	2	2	4	4	1	0	1	1	1	5	1	3	2	3	3	4	1	3	0	1	2	3	2	4	2	2	0	2	1	1	2	0	0	0	0	2	0	1	0	3	1	2	0	1	1	1	1	0	1	1	0	1	0	0	0	1	1	0	0	2	0	0	1	1	0	2	0	1	0	0	0	0	0	0	0	0	0	1	2	0	0	0	0	0	0	0	0	1	0	0	0	0	1	0	0	0	0	0	2	0	0	0	0	0	0	0	0	0	0	0	0	0	0	0	0	0	0	0	0	1	0	0	0	0	0	0	0	0	0	0	0	0	0	0	0	0	0	0	0	1	0	0	0	0	0	0	0	0	0	0	0	0	0	0	0	0	0	0	1	0	0	0	0	0	0	0	0	0	0	0	0	0	0	0	0	0	0	0	0	0	0	0	0	0	0	0	0	0	0	0	0	0	0	0	0	0	0	1	
t	3.000e+00	samples	100000000	xmin	-6.002e+00	bin_w	1.501e-01
	0	0	0	0	0	0	0	0	0	0	0	0	0	0	0	0	0	0	0	0	0	0	0	0	0	0	0	0	0	0	0	0	0	0	0	0	0	0	0	0	17214401	6941405	5201464	4279481	3680416	3250452	2922623	2650955	2432831	2249799	2086497	1947419	1826444	1717550	1615971	1528630	1442446	1373601	1301351	1237641	1177747	1123760	1073705	1025115	981178	939734	901614	862006	827704	794008	762243	734054	704761	678466	652004	628316	605803	582000	562542	541797	522277	504496	487784	470145	453675	438471	422435	409779	394495	381656	370837	358920	346205	333877	323243	314393	304423	292592	284851	275197	266734	258150	250393	243566	235048	228263	221690	213506	207979	201051	195348	189483	182264	177958	172384	167715	163039	158195	153393	149129	144246	139964	135830	132115	128154	124928	121450	117311	114202	110416	107617	104860	101257	98609	95190	93465	90681	88176	85540	82679	80799	78699	76199	73934	71836	70313	67467	66056	64819	62394	60840	59264	57131	55838	53620	52668	51366	49689	48759	47288	45990	44798	43456	42195	41422	39977	39028	38169	36834	35726	34907	34088	33299	32308	31612	30486	29850	29136	28225	27433	26796	26001	25255	24710	23963	23592	22645	22320	21422	21056	20323	19911	19275	18674	18153	17655	17498	16861	16360	16150	15613	15156	14870	14302	14116	13631	13503	13127	12721	12147	11850	11768	11325	11033	10829	10427	10131	9948	9871	9487	9260	9082	8787	8562	8240	8035	7939	7661	7366	7275	7172	6914	6795	6534	6314	6248	6029	5953	5711	5686	5516	5353	5323	4935	4920	4797	4702	4566	4556	4389	4274	4066	4037	3887	3726	3730	3606	3533	3487	3360	3313	3228	3202	3043	2843	2788	2843	2784	2739	2651	2617	2455	2506	2364	2409	2197	2154	2149	1980	1993	1958	1961	1885	1838	1843	1819	1702	1656	1541	1634	1477	1433	1545	1414	1386	1429	1331	1257	1277	1180	1172	1199	1154	1141	1127	1123	1030	1041	985	946	929	944	823	899	875	821	834	799	789	762	726	678	702	728	629	643	582	597	583	624	590	547	534	530	543	515	507	467	426	487	435	442	409	478	444	433	411	375	382	341	366	388	355	325	323	273	296	270	273	277	255	275	258	251	257	226	236	246	211	215	225	223	212	193	199	203	208	186	174	178	183	155	161	139	155	165	160	137	137	140	135	129	123	134	136	107	95	105	117	121	97	105	101	75	87	97	107	75	94	83	61	67	76	80	88	76	68	77	59	76	59	64	73	65	49	56	58	42	48	51	56	45	40	34	42	44	41	42	37	29	38	45	46	43	29	31	34	38	24	24	32	43	25	25	31	31	33	34	21	26	18	24	29	20	24	13	16	24	18	21	14	19	15	10	19	16	18	17	21	11	16	18	14	13	13	8	10	13	9	18	9	15	17	15	2	10	16	14	16	14	11	6	4	9	11	2	11	8	3	5	7	10	5	7	15	3	6	6	4	3	9	5	4	3	6	4	5	7	6	6	2	7	5	6	4	4	4	7	6	5	2	3	4	0	1	2	3	3	3	5	5	1	5	2	2	5	4	2	3	2	4	0	0	1	3	0	3	0	5	3	4	3	1	4	0	2	1	2	2	0	3	4	1	0	1	0	0	3	2	2	0	2	2	1	0	1	0	2	1	0	2	1	1	1	2	0	1	0	3	0	0	0	3	0	1	0	0	0	0	1	2	0	1	0	2	0	0	0	1	1	0	0	0	0	0	1	1	0	0	0	0	0	0	0	1	2	0	0	0	0	0	1	0	1	0	0	0	0	1	0	0	0	0	0	0	0	0	0	0	0	0	0	0	0	0	1	0	0	0	0	0	1	0	0	0	0	0	0	0	0	0	0	0	0	0	0	0	0	0	0	0	0	0	0	0	1	0	0	0	0	0	0	0	0	0	0	0	0	0	1	0	0	0	0	0	0	0	0	0	1	0	0	0	0	0	0	0	0	0	0	0	0	0	0	0	0	0	0	0	0	0	0	0	0	0	0	0	1	
t	4.000e+00	samples	100000000	xmin	-8.002e+00	bin_w	2.001e-01
	0	0	0	0	0	0	0	0	0	0	0	0	0	0	0	0	0	0	0	0	0	0	0	0	0	0	0	0	0	0	0	0	0	0	0	0	0	0	0	0	15797249	6394286	4809184	3974186	3432531	3043615	2739225	2501475	2303182	2135373	1993548	1863088	1754946	1655087	1564010	1484235	1413533	1343097	1281400	1219927	1168360	1117232	1070226	1027995	986180	947557	911935	876994	845045	815520	785044	758231	729685	706149	680779	658293	635613	615166	595345	577951	558388	542392	524693	509245	492551	477494	462284	448676	435590	424391	409916	399220	384935	374738	366603	355181	344195	334628	325260	316307	307042	298732	289694	282700	275339	267129	260607	253913	245806	239191	233260	227020	220207	215500	209418	203710	198825	194658	188822	185160	179801	174927	170053	165854	161349	157426	153760	149055	145346	141860	139177	135699	132685	128724	125427	122609	119187	115894	113757	111051	107907	105002	102782	100419	98365	95381	92911	90933	89074	86786	84488	82340	80535	78733	77294	74314	73194	71291	69779	68081	66256	64553	63840	61665	59847	59285	57371	56478	55181	53588	52028	50912	50154	48839	47592	46897	45349	44575	43364	42359	41322	40436	39632	38472	37505	36736	36239	35302	34726	33704	32779	32219	31266	30595	29918	29578	28585	28017	27363	26356	26121	25480	24981	24111	23685	23250	22874	22342	21917	21200	20705	20362	19756	19305	19130	18230	18007	17491	17459	16982	16473	16152	15762	15588	15151	14693	14474	14099	13994	13746	13136	12979	12832	12424	11872	12008	11755	11406	11166	10878	10685	10348	10110	10151	9697	9558	9241	9076	8966	8911	8503	8309	8070	8033	8066	7779	7401	7299	7021	6846	6842	6739	6418	6538	6345	6145	5950	5937	5877	5566	5629	5379	5274	5123	4942	5015	4735	4717	4504	4576	4266	4445	4165	4177	4040	3920	3885	3721	3738	3625	3583	3637	3455	3383	3230	3272	3132	3161	3036	2930	2878	2780	2799	2656	2600	2534	2531	2461	2347	2318	2290	2259	2172	2227	2112	2108	2076	1975	1962	1821	1914	1832	1835	1765	1749	1735	1670	1610	1516	1482	1555	1461	1373	1373	1370	1387	1385	1327	1286	1196	1236	1185	1111	1086	1090	1132	1131	1095	1051	956	975	977	980	1017	927	862	854	807	823	825	775	817	765	811	736	724	742	647	699	674	690	619	640	593	534	618	601	538	552	536	532	538	473	530	491	468	454	415	473	438	434	427	417	382	448	380	402	374	361	344	333	350	330	330	307	316	339	288	318	272	286	267	272	276	249	226	275	208	225	236	211	212	199	217	219	188	198	243	205	214	195	190	187	182	167	178	164	172	160	168	154	131	137	130	127	137	151	130	119	127	121	107	123	109	100	110	106	109	111	92	80	92	94	94	91	97	88	85	85	76	84	72	67	82	70	73	78	63	57	57	56	77	77	47	59	54	67	82	55	58	57	58	56	51	48	40	51	43	53	43	57	54	49	38	43	42	26	48	30	33	38	32	35	30	25	37	26	31	28	26	29	33	25	32	30	32	19	23	30	32	18	22	16	24	18	24	20	14	15	21	18	21	21	19	15	19	16	16	18	14	18	21	18	16	17	8	11	19	15	14	20	15	8	12	13	17	9	12	6	9	13	8	6	12	13	11	9	7	12	6	8	11	9	10	8	10	6	6	8	3	7	3	5	12	8	7	6	11	5	7	1	2	4	5	9	2	7	5	5	4	5	8	10	4	4	5	4	6	4	1	3	7	3	5	4	4	4	7	5	2	2	4	3	2	3	3	6	3	6	4	3	4	3	2	1	1	2	1	1	3	1	1	1	3	1	4	2	4	1	2	2	1	3	1	0	1	0	3	1	0	2	0	1	4	2	1	2	1	1	1	1	0	0	1	0	2	0	0	1	3	1	0	0	0	0	1	1	1	0	2	1	0	0	1	1	2	1	2	2	0	1	0	2	0	2	1	0	1	3	0	1	0	0	0	0	0	0	1	0	0	0	1	0	1	0	0	0	0	0	1	0	0	0	2	1	0	0	0	2	0	2	0	0	0	1	0	0	0	0	0	1	0	0	0	1	0	0	1	1	0	1	1	0	0	0	1	0	1	0	0	0	0	0	0	0	0	1	0	0	1	0	0	0	0	0	1	1	0	0	0	1	0	0	0	0	0	0	0	0	0	0	0	0	0	0	0	0	0	0	0	0	0	0	0	0	0	0	0	0	0	0	0	0	0	0	0	1	0	0	0	0	0	0	0	0	0	0	0	0	0	0	0	0	0	0	0	0	0	0	0	0	0	0	1	0	0	0	0	0	0	0	0	0	0	0	0	0	0	0	0	0	0	0	0	0	0	0	0	0	0	0	0	0	0	0	0	0	0	0	0	0	0	0	0	0	0	0	0	0	0	0	0	0	0	0	0	0	0	0	0	1	
t	5.000e+00	samples	100000000	xmin	-1.000e+01	bin_w	7.502e-01
	0	0	0	0	0	0	0	0	0	0	0	0	0	21101811	11680342	7971079	6219295	5131346	4366932	3783591	3325988	2951974	2641917	2374979	2145258	1947731	1777019	1623755	1486103	1364788	1254656	1155464	1066620	985260	912086	843018	782683	726171	675371	626442	582699	543207	504539	471927	438622	409597	382751	357052	333841	311535	291530	273224	254946	239331	224477	209138	195978	183616	172144	161656	151561	142214	133525	125539	117161	110876	103391	97255	91127	86143	80475	75949	71158	67089	63070	59372	55859	52563	49251	46446	43594	41139	38518	36286	34213	32224	30341	28691	26805	25055	23770	22442	21137	19993	18629	17719	16894	15832	14936	13919	13284	12599	11835	11025	10353	9863	9268	8792	8218	7824	7403	6986	6512	6100	5835	5553	5243	4810	4631	4397	4062	3908	3711	3445	3070	3111	2947	2640	2585	2450	2396	2120	1991	1903	1846	1774	1701	1623	1490	1380	1318	1254	1093	1079	1018	1014	940	865	834	792	747	622	643	626	595	554	514	534	459	442	413	364	388	341	355	324	293	308	277	242	222	223	233	214	188	189	157	170	136	182	122	125	118	116	106	98	82	91	74	83	80	56	82	71	63	62	55	58	46	43	39	39	41	51	41	52	30	29	33	20	25	25	24	25	25	17	20	19	11	19	15	10	11	11	8	11	10	11	13	9	8	13	10	2	6	11	11	7	4	5	6	2	9	3	3	6	3	1	3	5	1	4	5	2	3	3	2	1	0	3	2	2	3	1	2	4	1	0	0	1	0	2	0	0	2	0	1	2	1	1	0	1	0	1	0	0	0	0	0	1	1	0	0	1	0	0	0	0	0	1	2	0	0	0	0	1	0	0	0	0	1	0	0	0	0	0	0	0	0	0	0	0	0	0	0	0	0	0	0	0	1	0	0	0	0	0	0	0	0	0	0	0	0	0	1	
t	6.000e+00	samples	100000000	xmin	-1.200e+01	bin_w	3.001e-01
	0	0	0	0	0	0	0	0	0	0	0	0	0	0	0	0	0	0	0	0	0	0	0	0	0	0	0	0	0	0	0	0	0	0	0	0	0	0	0	0	14521266	5897897	4453194	3693567	3197986	2844948	2570189	2354869	2171598	2019330	1889759	1778026	1676286	1585238	1501636	1431278	1362225	1302426	1244589	1192071	1144606	1098428	1055558	1016320	979386	943338	910279	877678	849019	820335	791844	767795	743718	719729	696760	675785	655232	635009	616601	599940	581556	565329	549002	534098	519817	504906	490543	476811	465160	453196	440652	429122	418073	407601	397309	385883	377768	367903	358467	349057	340213	331635	322467	315571	308701	300492	293482	286846	280626	273230	266922	260620	254893	248983	242380	237082	232539	226691	221336	216196	211916	206097	201380	197110	192587	188910	185096	179770	176730	171497	168834	165107	161282	157024	153381	151276	147709	144784	141748	138788	134437	132452	129270	126586	123757	121521	119196	116608	114355	111933	109568	106561	105364	102650	100391	98594	95851	93871	92269	90206	88006	85968	85271	83047	81319	79905	78284	75789	74422	73503	71702	70607	69549	67930	66399	64914	63685	62188	61264	59900	58867	57196	56421	55353	54238	52987	51983	50581	50304	48596	48176	47050	45893	44835	44575	43166	42506	41769	40721	39959	39515	38548	38058	37065	36452	35693	34734	34367	33239	32996	32181	31614	30692	30488	30291	29089	28786	28300	27625	27027	26559	25777	25686	25013	24540	23957	23697	23268	22778	22249	21914	21682	21159	20414	20342	19601	19313	18963	18753	18620	18253	17807	17477	16995	16502	16289	16076	15965	15516	15179	14595	14534	14384	13791	13814	13531	13527	13143	12695	12376	12223	11924	11796	11857	11463	11182	11040	10763	10576	10493	10156	10059	9837	9537	9402	9432	9338	9069	8717	8623	8355	8321	7994	8015	7838	7641	7421	7473	7360	7015	7028	6810	6742	6607	6499	6520	6333	6220	6119	5858	5928	5713	5564	5544	5533	5209	5147	5182	4930	4920	4855	4663	4630	4539	4402	4411	4370	4229	4164	4094	4089	4016	3907	3933	3701	3669	3643	3594	3498	3436	3347	3324	3283	3218	3090	3097	2917	2958	2914	2751	2813	2817	2696	2660	2587	2517	2522	2498	2403	2429	2297	2233	2263	2102	2237	2090	2057	2102	1965	1943	2002	1905	1883	1848	1895	1772	1761	1655	1627	1621	1616	1583	1526	1515	1478	1478	1457	1487	1452	1308	1311	1304	1348	1325	1282	1260	1219	1208	1136	1111	1062	1104	1121	1083	1058	1004	1024	985	993	965	966	862	920	907	899	850	882	787	787	808	746	813	750	727	749	729	710	661	646	622	655	615	678	625	600	611	557	605	566	552	525	515	509	546	512	503	469	451	485	453	412	465	418	431	415	446	418	451	423	405	385	355	361	348	364	391	339	366	328	357	305	311	289	316	335	311	273	317	302	274	269	256	270	260	226	244	246	246	230	210	230	233	223	215	233	213	213	209	196	203	193	169	163	192	185	164	169	163	173	169	178	169	162	151	130	144	133	134	125	142	147	135	114	121	130	102	120	125	111	108	131	114	111	116	114	94	83	97	109	97	94	93	87	98	116	81	71	71	86	82	79	74	86	80	78	77	51	80	74	67	64	55	75	50	66	66	55	70	51	61	53	49	57	41	61	44	64	66	49	41	43	33	45	45	33	48	39	45	44	27	37	46	41	26	38	35	32	34	29	26	39	30	35	28	29	37	22	24	25	21	24	30	22	30	28	22	25	24	23	27	23	23	25	27	30	22	19	12	16	19	23	19	24	19	17	6	18	16	19	16	15	15	10	15	10	11	9	20	13	11	21	12	15	13	7	10	16	10	5	14	8	13	12	8	12	9	8	13	7	10	10	6	11	6	15	11	9	11	12	8	6	5	4	7	10	9	6	7	6	5	12	7	7	7	7	6	4	5	10	2	11	11	5	7	4	5	3	4	5	7	1	5	5	5	6	5	1	3	2	1	3	1	5	3	4	2	3	2	2	5	5	1	3	5	5	4	5	3	3	3	3	4	2	4	5	3	3	3	1	3	2	3	3	6	0	5	1	2	0	2	2	2	1	4	6	0	0	1	0	1	1	2	4	2	0	1	1	0	2	2	0	1	2	2	1	1	2	0	3	2	1	0	0	0	0	0	0	1	2	0	1	2	1	3	1	2	0	2	1	1	1	0	2	0	2	0	3	0	2	0	0	1	2	1	0	2	0	0	0	1	0	0	0	0	1	1	1	0	1	1	1	2	0	0	0	2	2	2	0	0	0	0	0	0	0	0	1	0	1	1	0	0	0	1	1	1	0	0	0	3	0	0	0	1	0	0	0	0	0	0	1	0	0	0	0	0	1	0	0	0	1	0	1	1	0	1	0	1	0	0	0	0	0	1	0	1	0	0	0	0	1	0	0	0	0	0	0	0	0	0	0	0	0	0	0	0	0	1	0	0	0	0	0	0	0	0	0	0	0	0	0	0	0	0	0	1	0	0	0	0	0	0	0	0	0	0	0	0	0	0	0	0	0	0	0	0	0	0	1	1	0	0	0	0	0	0	0	0	0	0	0	0	0	0	1	0	0	0	0	1	
t	7.000e+00	samples	100000000	xmin	-1.435e+01	bin_w	1.050e+00
	0	0	0	0	0	0	0	0	0	0	0	0	0	14193247	13744584	8452637	6435907	5268906	4464149	3875437	3411369	3034936	2721663	2456785	2231929	2037321	1865254	1711144	1576270	1452777	1341432	1243753	1152931	1070808	996147	927043	864516	807292	752297	704019	659096	616432	577917	541768	507236	475501	446230	417998	393944	369945	348167	327456	308435	289806	273220	257075	241770	227571	214552	201975	190202	179937	170376	159734	151619	142956	135907	127583	120494	112729	106923	100883	96532	91190	86254	81066	76704	72674	68394	65089	61138	58439	54925	52069	49163	46559	43636	41604	39477	37421	35708	33776	32041	30339	28450	27124	25609	24417	22843	21850	21005	19500	18873	17658	16759	15972	15068	14040	13681	12919	12066	11618	11049	10376	10061	9353	8899	8439	8111	7500	7312	6793	6281	6160	5818	5487	5098	4808	4701	4479	4363	3982	3886	3712	3555	3305	3091	3010	2804	2863	2593	2463	2264	2109	2022	1922	1847	1813	1683	1545	1495	1411	1343	1343	1252	1158	1124	1087	1035	908	910	878	860	778	725	730	695	624	622	589	560	521	494	441	445	448	393	407	355	355	319	285	297	310	278	269	260	245	221	206	205	172	187	186	159	170	130	154	148	135	125	111	106	112	104	83	88	74	76	91	59	74	75	56	46	70	57	53	36	42	46	46	35	42	37	38	31	24	32	23	32	27	25	24	29	22	20	19	19	19	18	19	22	5	16	14	13	7	8	11	9	10	8	6	7	6	14	12	2	10	6	4	5	6	6	4	7	5	6	3	3	5	5	0	2	4	3	4	2	2	1	4	2	1	1	2	3	3	0	3	1	2	3	2	1	1	2	1	3	2	0	0	1	0	1	0	1	2	0	1	0	0	1	0	0	0	0	0	2	0	1	0	0	0	0	2	0	0	0	1	0	1	0	1	0	0	0	0	0	0	0	0	0	1	
t	8.000e+00	samples	100000000	xmin	-1.640e+01	bin_w	1.200e+00
	0	0	0	0	0	0	0	0	0	0	0	0	0	13961939	13538529	8329405	6360103	5211454	4427210	3842835	3385596	3022061	2715282	2455829	2235391	2042914	1869359	1718799	1586421	1463681	1355558	1259979	1167326	1087063	1013162	944385	880533	823757	771686	721680	674755	633710	593804	557477	523013	491664	463042	434287	409352	385831	362747	341228	321258	304048	286396	269790	254233	239469	226881	214241	201931	190463	180146	171150	161527	152616	142850	136535	128723	121669	115677	109103	103542	98423	92625	88249	82844	78416	74346	71240	67072	63421	60462	57050	54912	51200	48562	46278	44235	41304	39512	37191	35523	33750	32117	30156	28710	27353	25860	24787	23420	22117	20773	19864	18807	18030	17306	16363	15395	14741	13906	13154	12478	11971	11154	10711	10298	9886	9242	8727	8391	7931	7580	7247	6778	6577	6192	5952	5493	5258	4967	4926	4592	4227	4134	3850	3709	3521	3336	3131	3012	2860	2815	2503	2468	2322	2203	2158	2110	1954	1949	1803	1729	1602	1468	1460	1407	1341	1233	1165	1102	1102	1013	960	887	900	864	770	741	715	734	649	623	588	573	567	494	479	470	436	428	397	381	380	357	306	293	287	272	262	250	239	228	257	214	206	199	190	195	178	142	132	151	134	142	124	100	124	101	115	87	99	93	96	81	78	72	70	92	65	70	64	63	49	47	50	55	51	37	39	36	25	40	35	24	36	21	28	23	22	36	13	14	17	17	20	18	22	17	10	14	11	14	10	14	12	12	9	14	15	13	11	11	12	8	8	5	7	3	5	1	7	6	4	4	5	1	8	5	1	6	1	3	4	5	5	3	2	1	2	1	4	0	2	0	3	1	2	1	3	1	2	1	1	3	2	0	0	0	1	0	0	1	1	1	0	0	2	0	1	0	0	1	0	3	0	0	0	0	1	1	1	1	1	0	0	1	0	0	0	0	1	
t	9.000e+00	samples	100000000	xmin	-1.800e+01	bin_w	1.350e+00
	0	0	0	0	0	0	0	0	0	0	0	0	0	19404449	10822154	7447823	5861718	4879783	4185985	3662830	3241102	2905771	2616461	2376724	2169557	1987036	1824081	1678429	1550213	1435377	1330743	1237053	1152675	1073686	1002052	935313	873107	816724	767123	717938	673482	632181	594160	558194	525419	493907	464557	438829	411851	387758	366533	345525	326347	308036	290148	274314	259256	245087	231038	218677	206711	195689	185317	175378	165264	156458	149004	140921	133104	126666	118986	113427	106985	101661	96737	92037	86821	82603	77974	74345	70169	66574	63381	59894	57337	54002	51432	48887	46461	44168	41240	39410	37497	35883	33989	32380	31027	29197	27971	26323	25037	24033	22534	21577	20617	19375	18511	17652	16599	15927	15303	14298	13876	12963	12265	11638	11158	10577	10000	9604	9235	8823	8352	7763	7544	7045	6863	6548	6064	5734	5734	5172	5057	4741	4635	4391	4241	3922	3729	3569	3454	3243	3137	2980	2833	2732	2579	2453	2270	2187	2044	1993	1939	1862	1791	1728	1558	1438	1419	1395	1244	1249	1213	1158	1101	964	966	910	864	847	799	802	708	683	641	640	580	587	530	526	499	479	442	431	426	375	376	360	355	316	307	309	251	255	256	233	229	219	209	231	201	194	160	167	169	137	145	137	112	131	111	98	102	113	102	97	89	84	73	75	77	75	70	51	73	62	53	60	51	40	58	39	39	38	48	40	35	30	36	33	24	34	24	22	31	31	19	21	16	18	21	13	14	15	11	16	15	10	11	10	23	9	9	13	9	13	9	7	14	4	9	4	10	11	6	12	6	7	8	7	6	7	9	4	3	4	6	4	3	2	2	1	6	3	2	1	1	1	1	2	1	2	1	2	0	3	1	0	0	2	0	1	1	1	0	0	0	3	0	1	0	1	0	0	0	0	1	0	0	2	0	0	0	0	0	1	0	0	0	0	2	0	0	1	0	0	0	1	0	0	0	1	1	0	2	0	0	0	1	0	0	0	0	0	0	0	0	0	0	0	0	0	0	0	0	0	0	0	0	0	0	0	0	0	0	0	0	0	0	0	0	0	0	0	0	0	0	0	0	0	0	0	1	
t	1.000e+01	samples	100000000	xmin	-2.000e+01	bin_w	1.500e+00
	0	0	0	0	0	0	0	0	0	0	0	0	0	19213165	10733704	7386146	5823515	4847796	4162797	3644744	3228996	2896805	2613758	2375229	2167989	1985445	1828374	1682823	1559104	1441670	1338658	1244904	1158831	1081705	1009647	945482	884507	827215	776512	729571	683489	643004	602571	566225	533836	503615	473560	444627	420614	397767	374730	354406	334119	315462	298126	281987	266558	252444	238329	225600	213862	202239	192385	180570	171981	163162	153813	146563	138824	131195	124010	117517	112664	106444	100451	95872	90919	86589	81870	78237	73858	69742	66697	63469	60432	57311	54281	51869	48802	46771	44045	42253	39939	38242	36337	34629	32860	31292	29538	27881	26799	25405	24196	23321	21818	20943	19899	19016	17897	16844	16122	15686	14850	14038	13362	12518	12146	11669	11046	10557	9882	9397	9046	8626	8246	7850	7498	7250	6649	6257	6146	5739	5679	5389	5189	4810	4592	4367	4129	3824	3725	3622	3413	3208	3090	2946	2833	2827	2611	2404	2350	2225	2204	1989	2019	1823	1796	1703	1666	1500	1468	1333	1309	1274	1175	1118	1090	1027	1068	920	910	836	807	813	747	747	717	633	656	636	564	575	486	507	439	447	419	437	384	360	392	370	303	313	272	272	268	255	270	207	243	178	215	202	184	179	147	174	150	148	130	147	106	124	123	112	114	106	96	82	94	86	61	75	78	54	72	61	60	61	51	52	46	48	55	48	50	47	46	38	25	31	29	43	37	23	27	33	32	30	16	17	19	20	15	18	18	19	11	19	12	8	16	12	11	13	18	9	11	5	12	11	6	5	5	10	7	7	8	5	5	10	9	4	1	2	4	5	2	8	4	1	5	4	4	2	2	2	6	2	2	1	3	5	3	1	1	2	0	0	2	1	1	3	2	1	1	1	3	0	2	1	1	1	0	2	0	0	0	0	1	0	0	1	0	0	0	1	0	0	0	0	0	0	1	0	0	0	0	1	0	1	0	0	0	0	0	0	1	1	0	1	0	0	0	0	0	0	0	0	0	0	0	0	0	0	0	0	0	0	0	0	0	0	0	0	0	0	1	0	0	0	0	0	0	0	0	0	0	0	0	0	0	0	0	0	0	0	0	0	0	0	0	0	0	0	0	0	0	0	0	0	0	0	0	0	0	0	0	0	0	0	0	0	0	0	0	0	0	0	0	0	0	0	0	0	0	0	0	0	0	0	0	0	0	0	0	0	0	0	0	0	0	0	0	0	0	0	0	0	0	0	0	0	0	0	0	1	
v2
t	1.000e+00	samples	100000000	xmin	-1.000e+00	bin_w	7.500e-02
	0	0	0	0	0	0	0	0	0	0	0	0	0	19099631	10660843	7346054	5793322	4826353	4146885	3631618	3218390	2887125	2609858	2367201	2165130	1983790	1823915	1684951	1558490	1442606	1339985	1247947	1162639	1085693	1014813	949029	887239	832393	781561	732754	686673	647558	607608	573659	539275	507785	478902	451492	426514	402178	379788	359341	340772	321520	303374	287183	271806	258022	244304	230329	219080	207920	196604	186244	176907	167745	159173	150549	142970	136383	128460	122116	116074	109818	105437	99817	94895	89491	85001	81715	77660	73296	69763	66382	63168	60063	56868	54044	51540	49097	46814	44744	42377	40465	38065	36478	34952	33368	31641	30391	28612	27418	26019	24877	23652	22614	21403	20725	19333	18546	17798	17049	16284	15516	14515	14048	13337	13057	12118	11759	10928	10559	10108	9762	9074	8716	8382	7916	7630	7304	6924	6598	6260	5951	5778	5313	5195	4878	4740	4601	4484	4231	3906	3788	3613	3447	3256	3098	3043	2888	2736	2511	2493	2412	2400	2108	2134	1965	1899	1854	1783	1673	1602	1528	1551	1446	1365	1280	1244	1172	1176	1097	990	939	912	905	864	820	734	750	712	683	686	610	619	567	612	503	516	457	466	437	405	412	384	357	361	346	358	285	308	287	277	279	235	238	212	204	200	180	195	181	199	164	162	141	124	148	142	122	128	103	108	130	103	101	89	78	105	86	86	78	89	82	76	70	67	51	60	61	46	43	42	42	55	39	50	44	31	37	25	38	32	27	34	20	27	24	17	22	16	12	23	23	18	18	13	19	17	15	19	15	12	8	8	10	12	7	13	12	10	8	13	11	4	4	14	6	8	5	4	12	4	4	9	6	3	0	6	5	8	3	1	5	2	5	1	2	1	4	0	2	3	3	2	3	2	2	2	4	2	0	1	1	2	2	2	2	1	1	2	0	1	0	0	0	0	0	2	0	0	0	0	0	0	0	0	0	0	0	0	3	0	1	0	0	0	0	1	0	0	0	0	0	0	0	0	0	1	0	2	0	0	0	1	0	0	0	0	0	0	0	0	1	0	0	0	0	1	0	0	0	0	0	0	0	0	0	0	0	0	0	0	1	0	0	0	0	0	0	0	0	0	0	0	0	0	0	0	0	0	0	0	0	0	0	0	0	0	0	0	0	0	0	0	0	0	0	0	0	0	0	0	0	0	0	0	0	0	0	0	0	0	0	0	0	0	0	0	0	1	
t	2.000e+00	samples	100000000	xmin	-1.025e+00	bin_w	7.500e-02
	0	0	0	0	0	0	0	0	0	0	0	0	0	12734341	12407702	7696879	5921625	4892264	4186292	3665433	3255609	2927167	2653521	2413513	2215081	2036087	1882784	1744851	1618738	1511183	1408718	1319489	1233620	1155851	1086011	1021661	960088	902546	852981	805242	758089	717667	677497	641391	606433	575636	545697	516787	491517	464273	441853	419643	398531	377851	359598	342612	326094	309313	294585	279952	266567	252729	240908	230928	220102	209463	199893	190488	181836	173001	164575	157788	151152	142913	136623	131736	124809	119262	113373	108606	104397	99019	95516	90255	86483	83105	79691	75855	72638	69242	66082	62962	60309	57989	55461	53446	50938	48873	45929	44547	42650	40810	38875	37183	35533	34469	32860	31520	30570	28684	27808	26558	25443	24226	23416	22033	21367	20385	19621	18512	18105	17152	16634	15737	15201	14546	14015	13347	12715	12271	11843	11490	10986	10687	10104	9610	9133	8858	8403	8052	7734	7488	7251	6827	6598	6292	5981	5995	5646	5492	5052	4947	4706	4522	4360	4073	3927	3835	3612	3553	3368	3267	3142	2925	2890	2772	2712	2595	2391	2381	2232	2195	2132	2096	1951	1866	1830	1716	1671	1557	1592	1406	1373	1374	1272	1217	1198	1162	1092	1016	1014	975	931	887	837	797	827	741	745	687	664	661	620	637	612	558	548	504	489	505	479	446	431	421	416	399	345	350	355	300	316	339	292	323	253	267	257	221	249	238	212	211	180	200	197	166	169	163	163	159	148	145	142	153	128	110	98	101	98	99	102	97	105	80	74	76	80	73	69	71	50	57	57	51	56	45	56	41	38	51	35	46	48	35	31	26	27	29	40	39	29	27	23	25	32	34	21	28	20	23	25	19	22	16	21	13	14	18	10	16	15	11	13	13	13	13	18	7	9	9	11	11	15	9	10	6	9	12	3	6	1	4	8	6	12	7	12	3	7	6	8	6	4	8	4	4	3	4	3	5	1	4	5	3	3	1	2	5	4	1	2	2	0	2	1	2	1	0	1	3	2	1	2	2	2	0	2	2	4	2	0	2	0	0	2	0	0	0	0	1	1	2	2	1	0	1	0	0	1	0	1	0	1	1	0	0	1	1	0	1	1	1	1	0	0	0	0	0	0	1	0	0	1	0	0	0	0	0	0	0	0	0	0	0	1	0	0	0	0	0	1	0	0	0	0	0	0	0	0	0	0	1	0	0	0	0	0	0	0	0	0	0	0	0	0	0	0	0	0	0	1	0	0	1	1	0	0	0	0	0	0	0	0	1	0	0	0	0	0	0	0	0	0	1	
t	3.000e+00	samples	100000000	xmin	-1.025e+00	bin_w	7.500e-02
	0	0	0	0	0	0	0	0	0	0	0	0	0	12636350	12318972	7647908	5884420	4861263	4166125	3647937	3244190	2915833	2641814	2410485	2210288	2036340	1883604	1746718	1622945	1513147	1410142	1322778	1238228	1162413	1091334	1024523	966870	910593	858419	809745	765194	724447	684566	648068	614277	580589	551950	523004	496006	470896	447854	426554	404419	384829	365772	347162	330852	314764	300576	285566	272364	258534	246727	236576	224814	214329	204446	194881	186325	177564	169037	161423	155180	148158	140563	134169	128838	122747	117433	112191	107147	102791	98146	93653	89276	85625	82302	78639	75308	72408	68954	66072	62988	60537	57568	55534	53218	50780	48314	46556	44371	43014	40555	39086	37377	35813	34280	32851	31684	30267	29111	27910	26633	25712	24388	23456	22499	21485	20672	19746	19022	18318	17792	17007	16051	15492	15014	14470	13708	13147	12480	12041	11544	11088	10640	10119	9772	9547	9076	8610	8362	8064	7626	7262	7081	6842	6540	6230	5920	5741	5496	5265	5171	4997	4693	4543	4343	4138	3999	3890	3651	3486	3365	3193	3172	2989	2890	2708	2663	2534	2523	2357	2235	2141	2086	2072	2005	1939	1792	1684	1677	1550	1483	1481	1523	1410	1352	1200	1235	1220	1147	1117	1059	1039	1015	935	906	832	816	785	741	766	664	655	666	623	564	581	525	564	476	475	504	449	441	459	369	394	336	331	359	336	300	338	279	297	253	267	281	243	255	232	201	206	197	209	189	176	176	175	148	144	156	136	144	120	107	117	114	108	110	117	108	116	79	93	83	76	82	70	64	78	78	61	57	56	70	50	56	41	42	48	55	52	50	44	49	30	36	30	35	34	33	40	28	31	29	25	28	25	33	28	33	32	23	18	26	17	13	15	13	22	12	8	15	12	11	13	15	10	10	12	11	16	14	10	8	5	11	5	9	6	9	5	6	8	6	8	5	9	6	7	3	6	8	7	2	4	1	4	3	2	4	2	3	0	8	2	1	3	0	3	1	1	4	2	4	5	6	0	3	3	5	0	4	2	3	2	1	2	1	1	2	1	2	1	1	1	1	0	1	2	0	0	1	0	0	1	1	1	1	0	1	0	0	1	0	1	0	0	0	1	1	0	0	0	0	0	1	0	1	0	1	0	2	0	1	0	0	0	0	0	0	0	0	0	0	1	0	0	0	0	0	0	0	0	0	0	0	0	0	0	0	0	0	0	0	0	0	0	0	0	0	0	1	0	0	0	0	0	0	0	0	0	0	0	1	0	0	0	0	0	0	0	0	0	0	0	0	0	0	0	0	0	0	0	0	0	0	0	0	0	0	0	0	0	0	0	0	0	0	1	
t	4.000e+00	samples	100000000	xmin	-1.025e+00	bin_w	7.500e-02
	0	0	0	0	0	0	0	0	0	0	0	0	0	12616206	12302133	7641554	5881413	4861170	4155338	3647216	3238738	2914361	2646475	2410450	2211873	2036209	1885390	1746451	1623548	1512412	1412467	1319632	1235997	1161961	1090344	1026292	967832	911403	859343	813008	766329	726320	686101	650671	615655	582008	553973	524789	497893	473277	448930	427339	404783	385094	366853	348425	332632	316293	300978	286523	272790	260338	247953	235968	226449	215006	204950	195754	186298	177932	169954	162687	154431	148822	141975	134962	128945	123212	117652	112632	107699	102863	98340	93987	90173	86247	82723	78865	75641	72469	69072	66019	63985	60714	58184	55834	52962	51019	48898	47136	44733	42689	41022	39627	37423	35984	34627	33213	31752	30180	29169	27930	26687	25640	24664	23424	22601	21591	20870	19763	19122	18286	17676	16708	16525	15463	14993	14383	13917	13333	12647	12310	11466	11221	10820	10454	9700	9513	9199	8753	8532	8105	7768	7548	7194	6792	6610	6362	6105	5856	5587	5399	5211	4930	4815	4533	4275	4295	3910	3881	3718	3506	3495	3247	3217	3075	2926	2746	2697	2668	2550	2452	2361	2225	2140	2084	1948	1913	1861	1788	1771	1620	1501	1432	1375	1404	1366	1266	1305	1204	1197	1094	1006	1039	980	955	877	921	844	785	781	695	701	662	640	617	588	564	541	541	536	500	456	492	440	407	415	375	327	352	375	335	313	308	281	273	299	271	266	218	267	202	256	209	221	162	182	173	175	179	141	163	174	160	145	133	109	125	132	128	102	119	100	94	100	86	97	86	81	76	80	61	75	71	61	64	62	65	51	65	47	60	44	42	37	45	32	38	36	57	43	37	20	19	32	36	28	26	28	36	24	20	24	17	21	24	19	16	18	25	16	22	19	26	17	12	8	19	6	13	10	13	8	7	6	7	14	4	7	6	8	11	8	5	10	6	4	10	3	5	7	3	3	8	3	3	10	9	7	3	2	5	5	2	2	3	2	6	2	1	4	4	3	6	4	2	0	2	3	1	0	1	2	1	2	5	3	1	0	0	1	3	0	4	0	0	2	2	1	0	1	1	1	0	3	0	2	0	1	1	1	0	1	2	1	1	0	0	0	0	2	2	0	0	0	0	0	1	0	0	0	0	0	0	0	0	2	0	0	0	0	0	1	0	0	0	0	0	0	0	0	0	0	0	0	0	0	0	0	0	0	0	0	0	0	0	1	0	0	0	0	0	0	0	0	0	0	0	0	0	0	1	0	0	0	0	0	0	0	1	0	0	0	0	0	1	
t	5.000e+00	samples	100000000	xmin	-1.025e+00	bin_w	7.500e-02
	0	0	0	0	0	0	0	0	0	0	0	0	0	12613652	12303316	7639250	5884565	4856327	4163700	3643314	3238722	2914124	2641576	2409433	2213099	2035600	1883735	1746087	1623268	1513338	1413170	1321824	1238550	1162375	1093063	1025519	968749	910187	858148	813132	767359	723928	685583	649260	615317	581246	553895	523980	497565	472420	448992	425679	405316	385091	366359	349187	331677	315495	300858	285966	273272	259857	249029	237314	225533	215252	205942	195851	186228	178064	170071	162280	155356	147745	142317	135040	130026	122939	118475	112561	108224	103135	98880	94206	90595	86517	82981	79137	75639	71717	69458	66445	63491	60795	57832	55944	53726	50878	49106	46468	45162	42989	41227	39473	37604	36097	34839	33176	31912	30622	29176	28362	27066	25878	24781	23622	22862	21919	20685	19916	19077	18466	17749	17070	16282	15873	15060	14412	13979	13296	12682	12038	11661	11295	10771	10360	10008	9416	9028	8666	8354	7943	7561	7499	7110	6800	6564	6343	5977	5814	5579	5333	5287	4955	4729	4526	4549	4240	3961	3983	3800	3620	3519	3266	3318	3155	2904	2804	2631	2578	2446	2374	2293	2306	2092	2013	2071	1917	1822	1788	1650	1576	1558	1515	1413	1371	1271	1351	1171	1154	1174	1105	1013	1026	1033	955	931	882	833	780	812	724	660	717	708	624	601	597	582	567	533	515	474	475	469	445	400	400	374	379	379	324	324	305	292	297	302	231	259	281	228	211	213	208	212	200	182	189	190	183	164	166	149	141	141	151	128	133	135	140	112	98	117	104	104	101	91	99	81	63	69	77	78	53	75	90	57	61	49	54	56	44	44	42	32	39	38	38	36	52	27	34	34	30	31	21	31	23	28	22	26	23	33	20	14	19	18	26	18	17	22	17	13	16	14	7	17	11	16	15	10	10	8	12	17	12	14	4	6	4	12	8	9	5	3	7	5	8	6	6	3	7	4	5	4	2	1	4	4	3	4	3	3	2	4	4	3	5	1	4	8	3	2	3	4	5	1	1	2	0	2	2	6	3	2	2	1	0	1	2	0	0	1	0	1	0	3	0	1	0	1	1	0	1	0	2	2	0	0	1	2	1	2	1	1	1	2	0	0	0	0	0	0	1	0	0	0	1	0	0	0	0	2	0	2	0	0	0	0	0	0	0	0	0	0	0	0	1	0	0	0	0	0	0	1	0	0	1	0	1	0	0	0	0	0	1	0	0	0	0	0	0	0	0	0	0	0	0	0	0	0	0	0	0	0	0	0	0	0	0	0	0	0	0	0	0	0	0	0	0	0	0	0	0	0	0	0	0	0	0	0	0	0	0	0	0	1	0	0	0	0	0	0	0	0	0	0	0	0	0	0	0	0	0	0	1	0	0	0	0	0	0	0	0	0	0	0	0	0	0	0	0	0	0	0	0	0	0	0	0	0	0	0	0	0	0	0	1	
t	6.000e+00	samples	100000000	xmin	-1.025e+00	bin_w	7.500e-02
	0	0	0	0	0	0	0	0	0	0	0	0	0	12618662	12303959	7632000	5883837	4852641	4160540	3643418	3242814	2912986	2640885	2410054	2212259	2036906	1881911	1746236	1621768	1514850	1412309	1324245	1238966	1160186	1090936	1027967	966810	911710	858786	810428	768219	724217	685806	648815	615820	581864	553292	525028	498716	472102	449005	427774	405644	384977	366273	348673	332013	315456	302101	287162	273852	259966	249007	237177	225262	215107	205877	195635	186902	178424	170798	163278	155165	148435	141027	135163	129275	123445	118059	112851	108331	103032	98697	94722	89991	86293	82822	79386	75394	72761	69324	67016	63333	60876	58184	55832	53259	51232	48718	46733	45005	43373	40977	39266	37760	36136	34683	33251	31859	30690	29304	28249	26846	25665	24981	23513	22465	21780	20770	20195	19455	18633	17710	16835	16396	15610	15077	14269	13772	13438	12716	12333	11641	11320	10701	10296	9956	9434	9295	8894	8330	7928	7780	7251	7162	6777	6479	6385	6061	5852	5655	5320	5105	5128	4755	4555	4343	4346	4037	3853	3838	3634	3468	3306	3213	3038	3042	2765	2676	2637	2550	2398	2301	2240	2180	2134	1912	1868	1819	1688	1748	1598	1560	1478	1463	1379	1314	1363	1188	1183	1135	1109	1001	1007	957	933	842	902	800	774	778	737	698	695	673	639	585	604	539	496	493	486	495	433	431	409	416	402	385	369	347	332	316	323	303	292	304	268	251	260	239	237	231	216	188	181	180	159	185	162	176	159	161	151	146	116	138	134	117	110	103	117	116	86	98	91	81	90	84	82	74	58	67	65	83	55	81	53	74	48	54	56	58	55	50	41	42	45	38	31	39	43	34	30	45	29	30	20	36	27	31	20	20	18	26	14	25	22	19	19	18	22	13	20	13	21	14	17	8	16	13	8	11	13	9	9	9	10	5	3	12	9	6	5	8	13	6	11	6	3	2	6	1	1	3	1	8	3	5	3	5	9	2	4	4	5	4	4	4	5	4	1	5	2	2	0	0	2	2	3	0	1	3	3	0	1	1	1	1	0	2	0	1	1	1	1	0	1	0	0	1	1	0	1	0	0	0	2	0	0	2	0	1	0	2	0	0	0	0	0	0	1	1	1	1	0	1	0	0	0	0	1	0	0	0	1	1	0	0	0	0	0	0	0	0	0	0	1	1	0	0	0	0	0	0	0	0	1	0	0	0	0	0	0	0	0	0	1	0	0	0	0	0	0	0	0	0	0	0	0	0	0	0	0	0	0	0	0	0	0	0	0	0	0	0	0	0	0	0	0	0	0	0	0	1	0	0	0	0	0	0	0	0	0	0	0	0	0	0	0	0	0	0	0	0	0	0	0	0	0	0	0	1	
t	7.000e+00	samples	100000000	xmin	-1.000e+00	bin_w	7.500e-02
	0	0	0	0	0	0	0	0	0	0	0	0	0	17764956	9971670	6917724	5489659	4597806	3973953	3501080	3126617	2817005	2561068	2341933	2150304	1983539	1837183	1704882	1586016	1477942	1381952	1294243	1215474	1138313	1070618	1006189	948288	893003	842060	795128	753454	711211	672587	638538	604430	573215	543808	515495	489549	465117	439805	418568	398550	377862	360257	343485	326767	310190	296540	282041	269030	255652	243185	232944	222281	211905	201920	192515	183737	175675	167382	160400	153163	145091	139138	133615	127239	121846	116087	110488	106461	101564	97205	92813	89124	84648	81817	78339	74376	71545	68380	65214	62836	60014	56966	55108	52355	50130	48055	46245	44023	42606	40635	38666	36680	35630	34100	32768	31527	30080	28838	27922	26447	25372	24505	23431	22501	21499	20701	19782	18726	18357	17506	16623	16276	15507	14939	14153	13797	13060	12244	11952	11429	11050	10610	10397	10004	9418	9073	8708	8425	7969	7527	7543	7042	6674	6481	6330	6029	5793	5475	5371	5121	5046	4687	4569	4288	4242	3982	3767	3639	3605	3466	3357	3185	3037	2933	2771	2776	2552	2603	2352	2214	2081	2057	2031	1983	1772	1807	1665	1652	1536	1567	1484	1452	1404	1261	1242	1227	1157	1129	1109	1023	994	987	840	903	874	793	776	764	760	680	653	637	661	609	594	509	587	501	485	505	465	436	415	426	365	355	354	351	350	335	314	297	295	274	251	274	234	240	246	197	221	222	229	179	199	163	164	192	143	157	156	145	175	113	101	108	124	104	109	114	101	93	82	92	69	81	82	75	68	66	73	60	66	63	62	57	57	54	60	48	42	45	45	31	43	27	47	41	20	34	25	31	40	38	30	21	28	35	21	25	21	13	19	25	17	14	25	20	16	24	19	9	18	14	11	14	21	10	12	7	8	10	6	11	14	10	11	5	6	5	3	8	10	7	6	7	11	5	1	3	2	3	4	5	4	2	4	8	3	5	8	2	2	5	1	3	2	6	5	1	1	3	1	3	0	1	1	4	0	2	3	5	2	1	0	2	1	0	0	0	1	1	5	1	0	2	1	0	1	1	2	0	3	1	0	0	1	2	0	1	2	0	0	1	0	2	1	0	0	0	0	0	1	0	0	1	1	0	1	0	0	0	0	0	1	0	1	0	0	0	0	0	0	0	0	0	1	0	0	0	0	0	0	0	0	1	0	0	0	0	1	0	0	0	1	0	0	1	0	0	0	0	1	0	0	0	0	0	0	0	0	0	0	0	0	0	0	0	1	0	0	0	0	0	1	
t	8.000e+00	samples	100000000	xmin	-1.000e+00	bin_w	7.500e-02
	0	0	0	0	0	0	0	0	0	0	0	0	0	17768116	9979516	6914480	5487231	4598584	3972420	3500388	3121085	2819053	2562201	2342314	2150610	1981491	1834926	1704010	1586229	1477105	1380484	1293575	1212873	1139097	1069571	1007197	947310	892480	843774	796336	753922	711210	672800	635878	604185	573046	543706	515413	489348	464694	441038	418819	400129	379540	360701	343009	326866	311127	295902	282245	268024	256476	244378	232589	222111	211392	202505	193254	183899	175522	167531	160414	152908	146165	139379	133851	128126	121281	116261	111021	106246	102047	97038	92974	89051	84738	82087	77887	74415	71261	67813	65533	62733	60156	57066	55188	52933	50269	48244	45995	44389	42289	40389	39068	37413	35539	33878	32825	31187	30075	29083	27458	26430	25552	24443	23279	22306	21661	20772	19614	19061	18300	17339	16785	16144	15553	14811	14272	13556	12986	12354	11838	11508	11017	10485	10092	9883	9427	8980	8678	8304	7933	7580	7327	7055	6833	6596	6250	6031	5711	5539	5354	5126	5003	4774	4646	4406	4086	3955	3835	3748	3673	3524	3207	3174	2981	3066	2866	2688	2551	2521	2316	2251	2216	2088	1974	1917	1842	1777	1696	1666	1653	1481	1490	1472	1434	1286	1310	1237	1128	1149	1084	1065	1007	997	952	913	905	825	789	754	735	720	717	659	623	609	595	599	577	504	498	463	475	475	417	440	366	382	371	356	333	293	293	307	275	265	263	259	238	222	252	217	204	211	196	212	169	144	169	164	157	131	125	145	132	123	123	108	113	134	113	104	94	81	93	83	97	80	87	86	72	67	82	72	61	70	66	56	53	60	45	41	39	55	53	44	35	43	37	34	30	39	23	36	23	31	21	27	24	23	16	22	19	19	17	18	11	21	21	12	13	7	18	21	11	17	16	8	8	10	15	13	19	12	4	11	9	9	8	9	8	9	11	7	4	8	6	10	8	8	6	8	3	4	5	1	2	6	3	7	2	5	5	0	2	3	3	1	0	3	1	2	2	2	0	2	3	1	0	1	2	1	3	2	3	2	2	0	1	1	1	1	0	0	2	1	2	1	1	3	1	1	2	1	3	0	2	0	0	0	1	0	1	0	0	0	0	1	0	0	0	0	1	1	0	0	0	1	0	0	0	1	0	0	0	0	1	0	2	0	0	1	0	1	0	0	0	0	0	0	0	0	0	0	0	0	0	0	0	0	0	0	1	0	0	0	0	0	0	0	0	0	0	0	0	0	0	0	0	1	0	0	0	0	0	0	0	0	0	0	0	0	0	0	0	0	0	0	0	0	0	0	0	0	1	0	0	0	0	0	0	0	0	0	0	0	0	0	0	0	0	0	0	0	0	0	0	0	0	0	0	0	0	0	0	0	0	0	0	0	1	
t	9.000e+00	samples	100000000	xmin	-1.025e+00	bin_w	7.500e-02
	0	0	0	0	0	0	0	0	0	0	0	0	0	12621404	12300036	7637173	5882224	4858374	4162835	3644224	3243954	2916076	2639597	2407015	2210522	2035672	1883870	1746980	1623616	1510582	1412960	1322238	1238876	1160552	1092447	1027730	965911	912552	858577	809818	764777	725315	687049	649501	614550	583825	554172	524565	497826	472968	448649	425699	405958	385424	367082	348793	331186	316566	300894	286564	272485	260520	247611	236794	225419	215718	205977	195079	187195	177902	170364	162172	155042	148350	141799	135588	129194	123680	117984	112866	108333	103437	98866	94113	90314	86790	82515	79058	75408	72652	69500	65830	63560	60574	58046	55686	53016	50870	48918	46864	44734	42843	41163	39626	37569	36205	34328	33286	31946	30474	29080	27984	26585	25921	24699	23631	22676	21704	20864	20124	19181	18613	17835	17008	16248	15642	15015	14444	14044	13089	12699	12046	11742	11174	10689	10267	9807	9654	9253	8670	8469	8030	7817	7499	7162	7015	6568	6259	5916	5795	5606	5381	5250	5068	4672	4542	4447	4280	3930	3877	3656	3646	3502	3257	3207	3173	2998	2841	2809	2594	2446	2382	2216	2152	2182	2073	1920	1882	1810	1812	1709	1653	1597	1465	1442	1333	1294	1323	1244	1242	1177	1109	1044	952	941	892	851	848	831	792	741	705	737	663	680	616	617	598	571	519	499	516	475	493	401	454	398	426	376	375	380	337	356	340	314	301	273	254	240	251	252	239	225	214	198	189	220	176	159	186	154	146	138	156	138	139	123	132	120	114	107	105	103	73	98	92	111	82	89	78	65	71	69	54	71	79	68	50	52	50	44	49	47	49	43	46	46	41	31	36	29	35	41	24	32	32	38	32	23	20	19	20	16	20	24	24	19	18	13	17	12	17	8	18	14	13	11	14	16	17	17	18	12	8	13	13	8	9	15	9	7	4	5	4	7	6	4	5	6	6	4	12	2	2	5	6	7	6	6	5	3	4	4	6	3	4	2	1	3	2	1	2	2	1	3	2	2	6	2	1	1	1	1	0	2	2	1	0	1	3	0	0	0	0	0	1	1	1	1	0	1	1	0	2	0	0	4	3	0	2	0	0	1	0	0	1	1	0	0	0	0	1	0	0	0	0	0	0	0	0	0	0	1	1	0	0	0	0	0	1	0	0	1	0	1	1	0	1	0	1	0	0	2	0	0	0	0	0	1	1	1	0	0	0	0	0	0	0	0	0	0	0	0	0	0	0	0	0	0	0	0	0	0	0	0	0	0	0	0	0	0	0	0	0	0	0	0	0	0	0	0	0	0	0	0	0	0	0	0	0	0	0	0	0	0	0	0	1	
t	1.000e+01	samples	100000000	xmin	-1.000e+00	bin_w	7.500e-02
	0	0	0	0	0	0	0	0	0	0	0	0	0	17766784	9970793	6919840	5486670	4594801	3973625	3503461	3125578	2820365	2561771	2343612	2150236	1984974	1835843	1704419	1584464	1480120	1383098	1293416	1212734	1136506	1067304	1006543	948037	892669	844106	796059	752983	711211	673796	637335	605458	571295	542858	514851	489918	464184	441496	419183	399415	378389	360757	343669	326512	312048	296879	281401	268886	256009	244313	232932	221808	211342	201596	192503	183589	174571	167278	160299	153317	146076	139796	133078	127394	122135	117110	110879	106550	101616	96687	92771	89059	84853	80932	78348	74712	71046	67867	64911	62296	59746	57232	55185	53012	50375	47657	45864	44328	42521	40698	38974	37240	35615	34296	32951	31288	30285	28907	27585	26370	25424	24673	23565	22307	21594	20485	19803	19067	18095	17452	16687	16003	15258	14683	14140	13733	13038	12617	12069	11493	11059	10462	10040	9991	9313	8892	8754	8309	7967	7518	7366	7187	6748	6452	6219	6017	5734	5458	5348	5039	4902	4717	4572	4456	4117	3982	3989	3760	3431	3348	3249	3142	2973	2863	2754	2626	2505	2484	2322	2287	2265	2079	1962	1953	1936	1780	1846	1664	1639	1560	1464	1465	1362	1343	1208	1215	1146	1120	1099	1025	929	948	945	898	891	780	770	743	695	704	678	619	643	588	596	535	489	542	494	477	469	449	437	436	433	411	352	323	313	311	295	281	285	260	255	251	256	252	228	210	200	211	182	179	187	180	175	163	164	144	155	155	126	137	118	110	116	100	104	85	91	104	105	97	88	83	73	82	77	71	68	77	61	58	68	62	52	45	56	48	49	48	38	38	48	34	30	36	26	26	34	36	20	35	25	29	24	21	28	13	17	18	20	20	21	10	23	22	16	15	12	17	14	16	14	18	13	9	8	11	5	8	9	9	11	12	4	14	8	10	10	5	10	7	10	6	4	4	8	1	2	5	5	10	2	6	5	1	1	3	6	6	5	1	2	3	5	3	2	5	3	0	0	3	1	2	5	2	1	2	2	2	0	2	2	1	1	1	1	0	2	0	2	1	0	1	0	0	1	0	0	3	1	1	0	1	2	0	2	0	0	0	0	1	0	2	0	0	2	0	0	0	0	0	0	0	0	0	0	0	0	1	0	0	0	1	1	0	0	0	0	0	0	1	0	0	0	0	0	0	0	3	1	0	0	0	0	0	0	0	0	0	0	1	0	0	0	0	0	0	0	0	0	1	0	0	0	0	0	0	0	0	0	0	0	0	0	0	0	0	1	
xv
t	1.000e+00	samples	100000000	xmin	-9.660e+00	bin_w	9.660e-02
	0	0	0	0	0	0	0	0	0	0	0	0	0	0	0	0	0	0	0	0	0	0	0	0	0	0	0	0	0	0	0	0	0	0	0	0	0	0	0	0	0	0	0	0	0	0	0	0	0	0	0	0	0	0	0	0	0	0	0	0	0	0	0	0	0	0	0	0	0	0	0	0	0	0	0	0	0	0	1	2	3	6	17	42	81	141	320	757	1589	3276	7041	15052	32299	70121	151554	335250	760478	1779645	4475700	15848463	19865374	10501344	7591011	5895666	4735462	3895342	3246926	2736811	2325880	1990203	1711011	1473731	1279249	1108894	968643	844854	739313	647608	569611	501040	440668	388827	342525	301444	268155	237985	210548	185343	164755	146384	130020	115683	103366	91620	81802	72322	64103	57495	51517	45704	40696	36549	32716	28780	26155	23477	20759	18661	16523	15047	13263	12073	10656	9513	8575	7753	6910	6164	5671	5100	4497	3997	3664	3240	2866	2632	2339	2196	1922	1776	1591	1402	1271	1202	973	922	825	721	692	647	530	489	450	407	353	306	279	285	245	201	223	142	152	141	133	106	97	77	81	83	59	62	67	72	63	39	36	32	40	27	34	18	21	11	12	14	11	13	9	9	5	3	6	1	5	8	8	2	5	0	3	2	4	2	1	0	2	1	0	1	2	1	2	1	0	0	2	1	0	1	0	0	0	0	0	1	1	0	1	1	0	0	1	0	0	0	0	1	0	0	0	0	0	0	0	1	1	0	0	1	
t	2.000e+00	samples	100000000	xmin	-1.200e+01	bin_w	1.200e-01
	0	0	0	0	0	0	0	0	0	0	0	0	0	0	0	0	0	0	0	0	0	0	0	0	0	0	0	0	0	0	0	0	0	0	0	0	0	2	0	0	0	1	1	2	2	1	3	5	1	0	3	4	10	14	17	12	31	64	51	73	101	140	160	227	275	344	449	578	752	1011	1294	1767	2182	2962	3935	5060	6664	8681	11304	14765	19659	25971	34249	45113	59822	79861	105770	141195	188622	254254	340626	463375	630419	864921	1197360	1680328	2402740	3545676	5565114	11351686	12303952	7390607	5727658	4710725	3996647	3449207	3020022	2666216	2377748	2128163	1910612	1726923	1561610	1418439	1292262	1177071	1075604	986497	903019	829337	760582	699482	642117	592939	546390	505576	465734	431691	398438	368666	341150	316279	293056	271946	251382	233750	217510	200804	186795	173810	161375	150611	139741	130268	121282	113420	104957	97785	91056	85044	79335	73125	68049	64394	59540	55692	51642	48629	45158	41963	39454	36879	34271	31898	29829	27864	25991	24313	22750	21492	19627	18404	17452	16494	15281	14277	13263	12656	11628	10973	10102	9561	8896	8333	7735	7284	6790	6514	6069	5749	5363	5135	4545	4280	4140	3859	3681	3292	3185	2969	2726	2589	2417	2155	2075	2021	1936	1715	1633	1531	1445	1401	1295	1212	1107	1090	981	921	881	785	729	752	690	622	583	575	522	488	489	472	430	344	351	336	347	295	282	265	264	229	241	193	200	172	158	161	143	145	115	112	120	110	93	93	91	73	66	65	75	52	62	54	57	56	43	49	38	43	48	39	28	26	36	32	27	24	23	30	21	15	17	19	12	10	12	18	18	13	13	13	12	6	9	6	11	6	10	7	4	6	3	7	6	4	6	2	4	2	3	3	5	3	0	4	2	0	1	2	2	3	0	3	3	3	3	0	3	1	1	0	0	1	0	1	2	0	0	1	0	0	1	0	1	0	0	0	1	2	1	0	0	0	2	0	0	1	2	0	1	1	1	0	0	0	0	0	0	0	0	0	0	0	0	0	0	0	0	0	0	0	0	0	0	0	0	0	0	0	0	0	0	0	0	0	0	0	0	0	0	0	0	0	0	0	0	0	0	0	0	0	0	1	
t	3.000e+00	samples	100000000	xmin	-1.518e+01	bin_w	1.380e-01
	1	0	0	0	0	0	1	0	0	0	0	1	1	0	1	0	0	1	1	0	3	1	0	5	1	1	5	2	4	5	9	10	7	10	11	19	13	15	21	20	32	30	32	50	50	63	59	102	99	100	129	162	160	221	239	331	367	397	475	578	681	833	969	1096	1290	1587	1846	2171	2663	3120	3603	4190	5043	5895	6994	8240	9973	11428	13649	16310	19188	23103	27231	32289	38766	45799	55124	65858	78571	94105	111772	134472	161422	193453	231100	279723	337073	409149	497074	603810	738869	909618	1119912	1390237	1741747	2211822	2855279	3793806	5327968	9489620	9925792	6229954	4931566	4129947	3555947	3116622	2764902	2472898	2227254	2016659	1834426	1671496	1531111	1408049	1293994	1193431	1102507	1016613	941948	872996	810174	752547	700459	651223	607772	566304	526552	492625	459719	431119	402938	376541	352901	329370	308605	289379	271413	254068	238755	223224	209967	196991	185358	174071	163877	153643	144648	135282	127540	120200	113562	106232	100171	94753	88632	83862	78792	73831	69988	65914	61834	58142	55077	52028	48840	46297	43576	41186	38867	36257	34143	32470	30752	29092	27590	25750	24238	22750	21647	20510	19187	18181	17239	16261	15396	14542	13728	12901	12329	11534	10892	10421	9901	9490	8659	8402	7912	7203	6932	6544	6143	5848	5621	5399	4959	4664	4495	4321	3990	3824	3622	3380	3139	3008	2952	2744	2526	2461	2316	2150	2023	1912	1841	1814	1661	1598	1418	1393	1365	1277	1191	1113	1080	1016	976	931	868	826	831	729	665	694	598	586	551	515	541	496	450	407	407	369	364	336	345	291	313	287	263	222	234	178	201	181	206	176	200	169	164	154	149	162	129	125	104	113	108	95	95	99	82	79	83	82	67	62	45	58	59	63	56	44	37	51	35	33	32	31	25	36	27	27	25	28	16	23	22	23	13	26	26	16	11	15	16	16	13	7	11	14	14	3	9	11	12	10	11	7	6	4	6	2	3	6	1	6	5	2	5	2	0	8	1	4	3	1	2	2	2	4	3	3	0	2	1	2	3	3	1	2	1	0	2	0	1	3	1	0	0	1	2	1	0	1	1	0	0	0	0	1	2	1	0	0	0	0	0	0	1	0	1	1	0	0	1	1	1	0	0	0	0	0	0	1	0	0	0	0	0	0	0	0	0	0	0	0	0	0	0	0	0	0	0	0	0	0	0	1	
t	4.000e+00	samples	100000000	xmin	-2.175e+01	bin_w	1.532e-01
	1	0	0	0	0	0	0	1	0	1	0	0	0	0	1	0	1	0	2	1	1	1	2	0	2	0	1	2	3	1	3	2	4	2	2	3	1	4	8	4	8	4	7	10	8	12	16	16	15	17	21	28	18	21	38	47	48	46	66	62	76	90	106	115	140	113	149	179	193	225	254	298	311	324	397	514	561	586	690	758	862	1019	1145	1290	1496	1698	1837	2135	2359	2730	3189	3478	4063	4456	5055	5972	6631	7539	8644	9706	11078	12873	14417	16419	18805	21341	24342	27621	31912	36206	41599	47676	54145	62332	71072	81903	93469	107069	123126	141841	162944	187765	215860	249014	288498	332737	384976	447789	519807	605640	707659	830652	975395	1152443	1365111	1633890	1968961	2396957	2969903	3782287	5081715	8542448	8815217	5650215	4521836	3814641	3307242	2917104	2603170	2337883	2117434	1928029	1762467	1614113	1486392	1369226	1262532	1171439	1087287	1007633	937442	871808	812464	757604	706988	660360	619200	579130	542293	508109	477145	448339	420393	394296	368996	347353	327356	308523	289359	272622	256445	241567	228449	214600	202800	190180	180172	169278	160219	151591	143789	134179	127629	119908	113594	106877	101531	96357	90091	86211	81409	76248	72176	68393	65124	61205	57797	55377	51823	49220	46361	44166	41911	39842	37265	35889	33411	32211	30063	28469	27179	25449	24555	22901	22113	20591	19709	18837	17826	16647	15960	14987	14040	13644	13128	12003	11384	11172	10466	10010	9396	9019	8361	7971	7487	7219	6909	6621	6199	5862	5528	5193	4932	4697	4464	4311	4068	3788	3722	3472	3354	3131	3009	2813	2741	2519	2398	2314	2252	2093	2010	1936	1824	1674	1602	1507	1524	1443	1341	1243	1250	1107	1110	1002	876	946	897	871	750	724	752	685	679	594	583	522	504	481	495	480	452	416	396	364	334	351	333	286	266	284	289	273	232	227	211	204	199	192	180	159	146	166	134	125	132	130	117	112	121	122	91	96	101	84	101	78	66	83	65	58	51	68	56	49	56	52	42	46	42	32	43	32	32	38	28	26	22	17	28	28	23	26	29	21	15	23	17	15	15	10	8	13	10	21	12	11	8	12	7	8	6	5	10	5	8	3	7	3	8	8	3	9	0	6	1	4	7	4	4	3	2	3	2	5	6	1	2	2	2	1	3	0	1	0	2	0	1	1	1	1	0	2	2	0	3	0	0	0	2	0	1	0	1	0	0	0	1	1	1	0	0	1	0	0	0	1	0	0	0	0	0	1	0	1	0	0	0	1	0	0	0	1	1	1	0	1	0	2	0	0	0	0	0	0	0	0	0	0	0	0	0	0	0	0	0	1	0	0	0	0	0	0	0	0	0	0	0	0	1	
t	5.000e+00	samples	100000000	xmin	-2.814e+01	bin_w	1.665e-01
	1	0	0	0	0	0	0	0	0	1	0	0	0	0	1	0	0	0	1	0	0	1	0	3	0	1	0	2	0	2	1	0	1	3	0	0	2	0	3	4	2	1	4	5	3	4	8	6	5	7	9	3	6	6	9	7	17	15	18	18	20	16	23	27	34	26	29	52	48	47	43	65	70	88	71	90	104	118	118	138	141	166	182	206	222	258	265	313	342	404	429	478	585	635	636	701	867	916	1047	1067	1262	1394	1537	1730	1918	2102	2358	2694	3031	3262	3602	3973	4563	4962	5692	6335	7074	7702	8714	9575	10819	12085	13301	14693	16745	18609	20874	23331	26279	29286	32460	36555	40657	45363	51067	56960	64182	72068	80176	90372	102243	113891	128985	144242	163090	183036	207444	232855	263359	297907	337858	383002	433964	491542	560254	640243	731459	836125	961134	1110311	1283515	1496649	1751762	2066283	2466795	2994293	3734461	4894738	7999078	8188705	5308300	4275760	3625644	3153982	2789010	2493943	2253651	2044676	1865105	1708427	1570549	1447804	1336119	1239265	1147871	1064876	993661	923290	862882	807883	754590	705455	660444	617748	580202	545259	510774	480220	452667	425579	400080	376164	353674	334127	314433	296590	278888	263283	249416	235170	221598	210192	198809	187329	176898	167989	158012	149798	141191	134063	126584	119970	113048	107049	102532	96338	91336	86797	81499	77514	73524	69655	66599	62707	60036	56505	53387	50461	47578	45154	43684	41295	39142	37230	34929	33446	31772	30245	28496	27159	25650	24201	23130	22279	20746	19767	18980	17948	16941	16252	15459	14657	13726	13290	12567	11936	11326	10916	10279	9549	9061	8936	8531	7951	7653	7293	6794	6410	6152	5845	5659	5398	5159	4732	4643	4474	4276	3845	3812	3513	3379	3223	3174	2920	2746	2604	2528	2442	2268	2185	2162	2019	1862	1747	1753	1580	1603	1503	1389	1372	1306	1145	1204	1094	1045	980	965	933	857	840	800	754	656	695	637	570	599	564	515	520	449	479	472	402	390	363	369	340	320	324	286	283	306	236	251	246	229	213	192	202	187	152	168	166	143	147	143	133	130	122	102	102	106	93	83	89	85	75	74	75	89	75	54	63	64	67	45	52	52	54	21	37	31	40	34	34	35	27	36	25	33	23	33	25	26	26	17	24	9	19	22	16	18	11	12	11	18	9	15	14	16	11	15	5	6	5	7	8	11	4	12	6	6	7	4	4	5	3	6	8	5	4	4	0	2	3	4	0	1	2	2	2	1	6	2	0	3	1	1	2	1	0	0	0	2	0	0	5	1	0	1	1	1	2	0	0	0	2	1	0	2	0	0	0	0	0	1	0	1	0	0	0	0	0	1	1	0	0	0	0	0	0	0	0	0	0	0	0	0	0	0	1	0	0	0	0	0	0	0	0	0	0	0	0	0	0	0	0	1	0	0	0	0	0	0	0	0	0	0	0	0	1	
t	6.000e+00	samples	100000000	xmin	-2.982e+01	bin_w	1.786e-01
	1	0	0	1	0	0	0	0	0	1	0	0	0	0	1	0	1	1	3	2	2	0	4	2	2	3	5	2	6	4	2	3	5	3	5	8	5	10	7	13	14	13	16	14	16	16	23	17	27	29	31	33	32	29	39	46	52	63	67	72	79	76	87	114	95	102	125	123	166	165	174	204	229	235	255	292	316	353	387	402	476	555	544	666	668	692	825	917	1010	1089	1266	1338	1477	1601	1729	1998	2120	2357	2490	2769	3108	3373	3753	4207	4564	5098	5597	6070	6682	7480	8226	9095	9802	10754	12003	13090	14639	16167	17692	19735	21774	23949	26499	29275	32147	35580	39908	43541	47975	53508	59227	65961	72487	80018	88981	98747	109676	121975	134991	150248	167224	185525	207657	231239	256702	286953	321329	357309	400837	449631	503585	566459	636339	718512	813898	918193	1045895	1189848	1361061	1566454	1812817	2115470	2496988	2991429	3682334	4768484	7638506	7785624	5087252	4113944	3498288	3051010	2702018	2423556	2190993	1993974	1821096	1671909	1535455	1419620	1312581	1216283	1131710	1052166	980709	914643	854772	799374	747299	699773	656443	617382	580061	543792	511430	481231	451571	425931	400714	377712	355941	335770	317887	299663	282628	267343	252743	239531	226203	213324	201579	191405	181077	171439	161587	153779	144493	137410	130406	123569	117364	110120	104753	99139	94785	89750	85131	80620	76241	72790	68905	65172	61989	58837	55774	52604	50292	48288	45879	43411	40624	38405	37277	35260	33428	31695	30377	28835	27291	25860	24749	23421	22150	21172	20364	19051	17754	17422	16456	15849	14991	14355	13552	12862	12302	11621	11016	10700	9984	9717	9075	8804	8153	7752	7474	7131	6720	6341	6184	5764	5537	5321	4929	4835	4641	4329	4089	4053	3761	3534	3393	3201	3107	2982	2884	2728	2534	2371	2294	2260	2109	2039	1945	1912	1715	1721	1608	1484	1422	1303	1368	1247	1191	1154	1126	1021	981	938	913	875	868	781	759	693	672	652	604	613	554	507	480	475	441	429	429	401	373	383	357	329	327	317	307	278	234	228	192	206	194	194	208	185	164	188	158	150	156	159	140	132	116	113	116	102	117	90	93	66	75	79	74	84	79	64	58	65	59	65	50	46	58	53	46	47	40	30	37	42	24	26	45	30	29	32	26	22	23	32	24	17	27	17	21	8	16	16	18	9	19	15	13	8	20	15	17	11	7	14	13	8	9	3	8	2	3	13	5	6	6	6	4	4	8	10	4	2	7	4	2	4	3	1	4	1	1	3	5	6	0	2	1	2	2	2	0	0	0	0	0	0	2	0	3	1	0	2	1	1	1	0	1	0	0	2	0	4	0	0	0	0	0	0	0	0	1	1	0	1	0	0	0	1	0	1	0	1	0	0	0	1	0	0	0	0	0	0	0	0	0	0	0	0	0	0	0	0	1	0	1	
t	7.000e+00	samples	100000000	xmin	-3.850e+01	bin_w	1.897e-01
	1	0	0	0	0	0	0	1	0	0	0	0	0	0	0	0	0	0	0	0	0	1	1	0	0	1	1	0	0	0	0	1	2	0	1	0	1	2	1	1	2	3	2	1	3	4	1	3	0	3	1	5	5	7	2	2	2	8	11	9	6	8	6	6	15	14	8	17	17	25	18	21	20	26	23	21	22	34	32	37	39	40	52	39	41	64	73	66	56	64	89	106	112	127	125	142	152	179	192	193	209	247	255	293	299	325	352	420	426	484	489	544	593	634	688	757	871	893	1041	1169	1159	1255	1427	1566	1675	1891	2020	2232	2426	2676	2876	3158	3392	3710	4115	4368	4965	5448	5868	6432	7038	7895	8343	9093	9985	11065	11947	12986	14241	15664	17245	18593	20391	22284	24788	27209	29789	32595	35684	39616	42920	47476	51895	56892	62293	68757	75898	83139	91108	99900	109753	121751	133932	147298	163100	178478	197517	217928	241646	267142	295708	327272	364359	404623	447842	498559	554090	618756	691570	772874	867493	976360	1098863	1244913	1411377	1611226	1850360	2142040	2506207	2981831	3637743	4666743	7388111	7507723	4937793	3998084	3406046	2979349	2640628	2371105	2146372	1949067	1784492	1639964	1512643	1396308	1293913	1202437	1116841	1040669	971022	904749	847679	792001	742226	697721	652496	611734	576687	541742	509612	480233	451443	425827	401342	379225	357490	337148	319043	301482	284945	268784	254303	241034	227061	215706	203679	192878	183071	172637	164326	155840	147681	139088	132041	125738	118619	113035	107036	100972	96549	92098	86354	82036	77723	74310	70243	66910	63717	60692	57660	54833	51687	49536	47046	44446	42372	40492	38036	35854	34549	32774	31340	29905	28281	27107	25764	24362	23197	22100	21244	20018	19102	18254	17226	16441	15866	14745	14200	13319	12895	12497	11554	11230	10450	9977	9641	9194	8731	8204	7982	7441	7102	6891	6567	6123	5995	5642	5424	5128	4976	4698	4456	4066	4057	3684	3576	3534	3350	3174	3110	2845	2751	2686	2495	2297	2287	2226	2094	1972	1858	1782	1707	1649	1619	1510	1412	1313	1334	1218	1178	1164	1065	991	967	907	918	907	821	786	725	731	705	600	660	606	515	509	494	532	513	441	448	393	362	374	365	317	328	314	319	251	259	274	259	237	214	206	193	172	180	161	168	162	141	144	141	143	128	138	122	124	100	100	96	96	89	77	67	74	67	64	60	52	64	58	65	58	38	50	56	45	53	40	36	41	42	41	32	31	21	26	33	16	32	13	20	23	29	13	22	12	19	16	20	17	15	12	15	11	13	10	20	9	8	14	4	5	9	11	9	9	6	8	7	4	6	4	7	2	5	4	3	6	5	4	6	9	2	2	2	3	2	2	3	3	2	2	1	5	0	2	0	3	2	3	1	0	0	2	2	2	0	4	4	0	1	5	0	0	2	2	2	1	1	0	1	1	0	0	0	1	1	0	0	1	0	0	1	0	0	0	0	0	0	0	1	0	2	1	0	1	0	0	0	0	0	0	0	0	0	0	0	0	0	0	1	0	0	1	0	0	0	0	0	0	0	0	0	0	0	0	0	0	0	0	0	0	0	0	1	0	1	0	0	0	0	0	0	0	0	0	0	0	0	0	1	
t	8.000e+00	samples	100000000	xmin	-4.200e+01	bin_w	2.000e-01
	1	0	0	0	0	0	0	0	0	0	0	1	0	0	0	0	1	0	0	1	0	1	1	0	0	0	0	1	0	2	1	0	0	0	2	0	1	0	2	2	1	2	2	0	4	3	2	3	2	3	3	7	3	5	1	6	7	13	8	1	7	6	10	9	9	14	12	13	17	13	18	27	21	22	28	33	30	35	32	32	28	53	41	52	74	63	59	84	77	74	91	93	108	124	129	144	136	174	181	174	190	246	247	267	257	270	278	381	384	405	445	489	515	546	594	680	714	782	833	911	960	1143	1144	1300	1391	1553	1602	1711	1959	2156	2274	2428	2762	2923	3181	3458	3651	4051	4333	4761	5251	5780	6221	6731	7364	7891	8653	9525	10272	11225	12142	12974	14450	15641	16980	18402	20179	22091	23640	25854	28616	30933	33946	37025	40345	44091	47735	52403	56960	62152	68047	74245	81224	88866	97818	107034	117030	128113	139483	153838	168017	184458	203002	222373	244124	267984	295440	325777	359397	396653	436741	482278	533856	591334	658824	729553	811685	908666	1015938	1138533	1281843	1446862	1640798	1875288	2158692	2509706	2969280	3599469	4587403	7204267	7306772	4824185	3912910	3337004	2918638	2594969	2331257	2108573	1924421	1761943	1618894	1491544	1376498	1278987	1186006	1104106	1030332	960046	897940	840744	785354	736874	692391	649441	611960	574186	540797	509649	479438	451903	425720	401839	378772	357420	338014	318867	300258	284926	269876	255158	241459	229373	216795	205838	194177	183938	173962	164837	156221	148607	140813	133612	126994	120089	114382	108798	102763	97906	93186	88220	84031	79122	75739	72338	67533	65039	61935	58599	55514	53247	49818	47874	45569	43563	41277	39269	37429	35651	33902	32184	30463	29026	27884	26588	24930	23759	22893	21671	20306	19802	18809	17827	17018	16376	15579	14644	13943	13200	12751	12106	11307	11069	10489	9916	9521	9093	8664	8305	7896	7662	7046	6897	6513	6276	5847	5616	5491	5034	4828	4509	4582	4226	4078	3914	3675	3536	3330	3271	3093	2861	2784	2606	2580	2381	2267	2214	2148	1993	1894	1891	1712	1700	1673	1508	1340	1441	1372	1222	1207	1161	1064	1069	1051	991	900	864	879	761	722	769	669	662	642	621	576	553	525	517	487	488	459	397	429	383	378	345	331	313	290	300	290	241	246	244	207	222	193	185	209	181	163	160	140	148	144	139	132	133	134	131	96	98	111	104	90	99	91	100	62	73	56	73	53	52	49	61	59	43	63	60	39	50	49	38	38	35	21	24	34	36	26	12	19	23	21	25	23	16	16	15	19	16	23	21	16	13	8	12	11	12	10	10	8	6	14	8	10	6	9	10	4	6	7	6	7	7	8	7	6	4	3	3	4	5	2	7	1	8	4	2	7	1	3	4	3	3	4	2	3	4	1	2	1	1	1	2	0	1	4	2	2	2	1	0	1	0	1	1	1	1	1	2	1	0	0	0	1	0	0	1	0	0	1	0	0	0	1	0	0	0	0	1	0	0	0	0	0	0	0	0	1	0	0	0	0	0	0	1	0	0	0	1	0	0	0	0	0	0	0	0	0	0	0	0	0	0	0	0	1	
t	9.000e+00	samples	100000000	xmin	-4.446e+01	bin_w	2.097e-01
	1	0	0	0	0	0	0	0	0	0	0	0	2	0	0	2	1	1	0	0	0	1	0	2	4	1	0	2	0	2	1	1	3	1	2	1	0	3	1	5	3	2	2	7	4	2	12	7	7	9	9	6	8	8	8	12	13	10	12	15	12	13	12	15	12	11	18	14	20	28	29	25	32	29	31	35	49	48	50	44	58	60	59	82	72	87	77	96	110	127	108	129	135	148	155	180	211	202	241	229	264	264	281	296	318	389	407	434	443	527	523	595	614	691	778	824	856	968	1111	1098	1172	1278	1344	1491	1641	1795	1896	1995	2292	2273	2588	2775	3114	3263	3490	3899	4176	4521	4935	5379	5628	6071	6643	7146	7783	8624	9113	10082	10815	11762	12644	13718	14772	16284	17501	18887	20742	22464	24206	26492	28385	31096	33978	37064	40021	43264	47279	51222	55985	60298	65746	71343	78207	85008	92503	100305	109987	119539	130364	142966	155792	169743	185105	202543	221891	242385	265363	290548	318370	349770	383197	421310	462874	511056	563354	619953	687627	759893	843491	936442	1045687	1164148	1307321	1468692	1663702	1890757	2169096	2512184	2956870	3567791	4524307	7065149	7152596	4734728	3847621	3283119	2874717	2559136	2297356	2083288	1900121	1738702	1601594	1476216	1365371	1265603	1176317	1095694	1021613	953531	890406	835212	781975	732648	688043	647104	607885	571925	537474	506416	478432	449789	425745	400875	379018	357479	337748	319914	301871	285944	270350	255752	242103	229528	217833	205659	194528	184776	175560	166486	157775	149272	141821	134478	127692	121556	114647	109784	103909	99152	93150	88750	84035	80166	76398	72730	68933	65899	62256	59182	56673	53826	51586	48925	46321	43792	41529	40122	37641	36093	34168	32821	30894	29870	28458	26958	25696	24412	23214	22068	21176	20219	19197	18396	17409	16638	15721	15122	14371	13669	12854	12415	11777	11240	10757	10141	9608	9356	9031	8532	8237	7698	7519	7105	6760	6369	6090	5773	5520	5238	5061	4737	4746	4362	4202	4044	3772	3662	3463	3228	3169	2973	2927	2633	2587	2466	2362	2248	2163	2134	2012	1857	1774	1701	1622	1583	1531	1485	1331	1243	1266	1167	1130	1046	1022	964	970	954	874	787	755	729	738	707	666	572	617	594	526	549	495	467	448	423	405	376	366	375	351	338	314	287	283	300	273	228	239	214	205	204	199	199	187	169	184	153	168	140	151	114	157	138	112	109	103	110	94	102	89	87	76	92	93	74	65	57	60	70	61	70	52	56	44	40	47	40	32	36	38	31	33	23	33	29	24	27	21	23	20	20	16	21	24	17	13	20	14	20	17	21	8	16	17	14	10	7	14	9	7	8	11	15	8	6	9	11	6	6	6	5	8	6	6	9	4	3	7	4	4	6	2	4	6	5	5	2	2	4	0	4	6	1	1	0	3	5	0	1	0	2	2	2	2	1	1	0	3	1	2	1	0	1	2	0	0	2	1	0	0	0	1	3	0	1	1	1	0	0	0	0	0	0	0	0	0	0	1	0	0	0	0	0	0	0	0	0	0	0	1	0	0	0	0	1	0	0	0	0	1	0	0	1	0	1	0	0	0	0	0	0	0	0	0	0	0	0	0	0	0	2	0	0	0	0	0	0	0	0	0	0	0	0	0	0	0	0	0	0	0	0	0	0	0	0	0	0	0	0	0	0	0	0	0	0	0	1	
t	1.000e+01	samples	100000000	xmin	-5.363e+01	bin_w	2.189e-01
	1	0	0	0	0	0	1	0	0	0	0	0	0	0	0	0	0	0	0	0	0	0	0	0	0	0	0	0	0	0	0	0	0	0	0	0	0	0	0	1	0	2	0	1	0	0	1	1	0	5	0	3	1	0	2	1	2	0	4	1	0	5	6	1	1	4	2	0	1	0	3	8	2	7	3	3	10	5	6	5	11	10	6	5	13	12	9	12	14	9	16	21	12	19	22	34	22	25	28	25	40	30	30	35	33	38	58	42	40	54	64	70	60	83	75	109	95	99	95	122	123	137	159	164	204	200	210	224	264	235	284	309	332	350	360	371	428	471	560	557	572	634	655	713	777	836	891	995	1028	1187	1223	1341	1446	1525	1695	1746	1928	1998	2191	2468	2574	2743	3005	3296	3575	3886	4070	4389	4660	5248	5461	6042	6321	6845	7404	8118	8623	9467	10284	11206	11871	13217	13681	14732	16242	17630	19109	20445	22301	24276	26009	28348	30470	33006	35745	38455	41911	45182	49029	52835	57687	62777	67664	73295	79803	87416	93885	101917	111073	120391	130729	142590	154933	168488	182988	200106	217727	236988	259672	282271	308710	337703	368666	403564	442356	486134	532206	586428	644677	709470	783269	865886	959827	1065055	1187206	1328313	1488353	1676763	1900877	2173869	2507427	2945072	3538955	4473255	6945956	7029977	4660948	3794944	3242668	2844385	2526720	2272874	2062032	1880532	1722805	1583157	1462756	1356373	1256110	1169178	1087760	1014829	947154	886900	828672	777253	729188	686305	643919	605379	570080	536105	505066	476567	449357	424302	399512	379015	358484	337984	319626	301462	286018	271220	256903	242317	229207	217864	207083	195350	185737	175402	167482	158174	149986	142463	135289	128242	121864	116066	109906	104474	99569	95227	89818	85161	81106	77269	73257	70004	66360	62787	60282	56640	54607	52124	49058	46404	44838	42259	40602	38378	36776	34905	33243	31753	30008	28705	27599	25934	24652	23651	22521	21347	20495	19370	18797	17568	16809	16080	15168	14419	13832	13478	12789	12102	11593	11060	10452	10077	9553	9063	8657	8354	7895	7589	7277	6933	6609	6288	5885	5724	5304	5318	5009	4661	4457	4343	4024	3834	3810	3475	3521	3295	3063	2963	2801	2663	2642	2406	2304	2169	2145	2039	1970	1843	1755	1690	1646	1631	1468	1438	1311	1303	1228	1177	1174	1080	1027	955	908	918	867	838	800	759	785	658	623	635	628	547	545	524	493	507	465	411	419	348	406	346	327	328	291	314	311	259	260	266	274	210	195	188	203	184	177	169	164	144	155	149	129	137	158	114	106	105	122	116	93	114	105	79	85	83	71	76	73	68	58	59	54	47	43	53	46	41	40	47	42	38	39	47	36	33	40	29	21	22	26	26	24	20	14	15	21	18	19	17	17	18	22	19	13	11	13	14	13	6	13	11	9	12	10	8	12	7	11	3	7	5	10	4	9	5	7	4	9	3	11	5	5	2	3	4	4	2	1	3	4	3	2	3	2	3	3	2	4	2	4	2	1	2	1	0	1	0	0	1	1	0	3	1	2	2	0	1	1	2	1	0	0	1	0	0	0	0	0	0	1	0	0	0	0	0	0	0	0	0	2	0	0	0	0	0	0	0	0	1	1	0	0	0	0	1	0	0	0	0	1	0	1	0	0	0	0	0	0	0	0	0	0	0	1	0	0	0	0	0	0	0	0	0	0	0	0	0	0	0	0	0	0	0	0	0	0	0	0	0	0	0	0	1	0	0	1	
