NEW_RUN	dt	dT_out	m	eta	kT	F	D
1.0000e-03	2.0000e-03	1.0000e+00	1.0000e+00	1.0000e+00	3.1623e+01	1.0000e+00
x
t	2.000e-01	samples	1000000	xmin	-6.030e-01	bin_w	1.206e-02
0	0	0	0	0	0	0	0	0	0	0	0	0	0	0	0	0	0	0	0	0	0	0	3	1	5	11	27	58	94	164	335	541	942	1555	2576	3830	5947	8571	12249	16867	22651	29059	35958	43886	51590	58955	64993	68923	70936	71179	68832	64483	58695	51483	43729	36077	29109	22160	16848	12108	8603	5885	3894	2449	1577	933	546	294	181	109	49	27	14	5	2	2	0	0	0	0	0	0	0	0	0	0	0	0	0	0	0	0	0	0	0	0	0	0	0	
t	4.000e-01	samples	1000000	xmin	-1.203e+00	bin_w	2.406e-02
0	0	0	0	0	0	0	0	0	0	0	0	0	0	0	2	3	5	7	16	22	35	67	95	166	221	383	533	827	1124	1666	2400	3272	4409	6093	7929	10200	12962	16053	19703	23661	27858	31783	36776	41101	44380	48571	51098	52675	53773	54245	53102	51404	48343	44686	41013	36421	32147	27353	23640	19557	16176	12834	10082	7820	6003	4468	3249	2394	1694	1175	795	530	360	241	157	95	64	46	13	7	7	4	2	0	4	0	0	0	0	0	0	0	0	0	0	0	0	0	0	
t	6.000e-01	samples	1000000	xmin	-1.803e+00	bin_w	3.606e-02
0	0	0	0	0	0	0	1	1	0	1	3	6	6	5	13	18	35	64	73	129	184	265	390	514	722	978	1382	1934	2482	3325	4283	5682	7222	8844	10958	13046	15830	18753	21822	24935	28225	31798	34960	37773	40855	43427	45410	46445	47462	47328	46328	45212	43150	40962	38182	35171	31607	28340	24896	21882	18705	15698	13167	10851	8873	7079	5394	4398	3251	2476	1966	1432	988	710	569	385	254	177	108	70	46	30	21	15	5	1	1	6	4	1	0	0	0	0	0	0	0	0	0	
t	8.000e-01	samples	1000000	xmin	-2.403e+00	bin_w	4.806e-02
0	0	0	0	1	1	3	2	5	1	6	8	10	20	21	38	72	113	106	173	272	356	497	674	940	1257	1583	2175	2802	3583	4546	5742	7015	8636	10251	12555	14655	17125	19752	22479	25445	28300	30943	33604	36343	38662	40318	42125	43332	43727	43692	42979	41747	40667	38403	36287	34041	31001	28227	25474	22520	19908	16991	14793	12391	10331	8523	7024	5638	4539	3538	2749	2095	1673	1219	909	678	505	401	248	185	136	72	44	31	17	14	9	12	7	2	1	2	2	0	0	1	0	0	0	
t	1.000e+00	samples	1000000	xmin	-3.003e+00	bin_w	6.006e-02
0	0	0	1	1	1	5	5	5	7	14	16	19	44	64	68	97	141	210	268	374	550	707	972	1247	1684	2136	2752	3387	4332	5258	6522	7960	9419	11350	13388	15508	17811	20222	22648	25321	27987	30673	33047	35560	37158	38545	40002	41092	41289	41690	40905	40443	38694	37036	35077	33013	30799	28315	25315	22769	20427	17711	15406	13297	11332	9411	7814	6580	5322	4307	3310	2710	2140	1535	1226	936	736	551	390	281	199	155	95	73	47	31	17	10	8	6	5	3	0	0	2	2	1	0	0	1	
t	1.200e+00	samples	1000000	xmin	-3.603e+00	bin_w	7.206e-02
0	0	1	0	2	0	4	6	15	14	21	25	38	38	87	92	137	190	289	355	509	653	860	1183	1546	1898	2458	3102	3820	4718	5773	7224	8524	10227	11695	13954	15688	18295	20711	22641	25291	27892	30054	32623	34648	36525	37393	38860	39724	40257	39944	39272	39410	38244	36383	34376	32395	30313	27807	25534	22943	20372	18157	15989	13854	11847	10040	8522	7058	5702	4701	3758	3099	2411	1857	1546	1137	856	625	508	355	281	200	134	104	68	44	28	28	13	9	5	1	2	1	1	1	2	0	0	1	0	1	1	
t	1.400e+00	samples	1000000	xmin	-4.203e+00	bin_w	8.406e-02
0	0	0	1	3	4	3	8	11	16	25	29	54	58	78	139	140	244	351	427	569	750	965	1276	1722	2084	2573	3334	4209	5015	6118	7451	8809	10581	12181	14192	16132	18222	20667	23150	25359	27605	29876	32080	34251	35810	36872	38232	38881	39441	39204	39105	38297	37474	35919	34068	31968	29869	27859	25443	22889	20437	18492	16121	14172	12248	10342	8870	7431	6056	4968	4099	3280	2641	2070	1594	1280	980	762	567	400	334	215	161	113	93	52	41	32	16	14	12	2	2	0	2	1	3	1	1	0	0	0	0	0	2	
t	1.600e+00	samples	1000000	xmin	-4.803e+00	bin_w	9.606e-02
0	1	0	0	4	6	3	6	12	16	31	35	56	64	97	144	187	259	342	458	635	809	1063	1338	1710	2151	2794	3476	4273	5243	6380	7692	8946	10557	12544	14286	16191	18451	20903	22969	25397	27664	29591	31743	33984	35485	36967	37781	38292	38825	39272	38652	38028	37021	35404	33794	31664	29752	27569	25458	23027	20811	18360	16391	14196	12370	10619	9104	7423	6285	5156	4249	3477	2777	2118	1707	1348	1032	805	564	492	340	245	198	123	89	66	50	31	22	15	13	7	3	2	0	3	1	3	0	1	0	0	1	0	1	
t	1.800e+00	samples	1000000	xmin	-5.403e+00	bin_w	1.081e-01
1	0	0	2	2	3	4	8	12	20	30	26	57	81	115	136	165	279	377	459	657	814	1025	1431	1749	2238	2785	3578	4384	5327	6433	7608	9057	10763	12491	14442	16308	18628	20654	23169	25253	27631	29445	31817	33721	35387	36720	37769	38326	38955	38639	38789	37775	36811	35057	33490	31854	29585	27730	25171	23074	20655	18610	16471	14284	12512	10685	9086	7552	6386	5256	4192	3512	2855	2244	1774	1358	1087	773	589	504	358	272	189	145	103	69	50	29	24	22	6	10	9	3	1	3	1	1	0	2	0	0	0	1	
t	2.000e+00	samples	1000000	xmin	-6.003e+00	bin_w	1.201e-01
0	0	3	0	1	2	5	6	11	21	24	36	55	78	98	145	205	279	313	447	647	793	1076	1437	1774	2255	2837	3551	4315	5437	6229	7753	9077	10586	12633	14387	16235	18704	20685	23039	25336	27730	29492	31919	33479	35404	36978	37773	38322	38646	39066	38653	37877	36506	34953	33731	31590	30030	27549	25071	22827	20934	18369	16547	14463	12443	10692	8922	7721	6323	5134	4242	3621	2842	2248	1747	1324	1087	807	651	475	353	268	192	140	98	86	46	32	20	18	17	8	4	5	2	3	2	1	0	0	1	0	1	
v
t	2.000e-01	samples	1000000	xmin	-3.000e+00	bin_w	6.000e-02
	0	1	0	0	2	1	0	4	8	7	16	15	26	23	41	77	100	134	186	268	333	504	696	857	1166	1580	1952	2575	3265	4117	5140	6372	7752	9692	11094	13201	15307	17911	20210	22577	25645	28212	30788	33122	35307	37449	39277	40806	41189	41980	41667	41328	40444	39070	37513	35338	33221	30522	28190	25403	22645	20222	17496	15340	13037	11022	9354	7618	6381	5106	4095	3311	2508	1967	1589	1266	892	676	508	366	272	203	136	111	61	48	39	18	11	12	4	0	0	2	1	0	1	0	1	0	
t	4.000e-01	samples	1000000	xmin	-3.540e+00	bin_w	6.000e-02
	2	1	1	1	7	5	2	9	7	15	14	12	28	43	62	65	85	134	162	179	268	310	419	508	628	872	1002	1302	1463	1824	2258	2798	3282	3763	4503	5188	6079	7148	8052	9221	10426	11767	13199	14643	16123	17593	19382	20901	22449	24091	25130	26829	27920	29612	30262	31194	31819	32236	32411	31973	32298	31930	31108	30240	29391	28244	26740	25613	24290	22485	20947	19303	17687	16160	14662	13224	11773	10396	9294	8097	7018	6052	5291	4479	3871	3181	2806	2245	1857	1555	1240	994	832	682	522	433	328	234	206	156	116	100	62	48	38	15	19	21	7	9	2	4	8	1	0	0	2	0	0	1	0	0	1	
t	6.000e-01	samples	1000000	xmin	-4.200e+00	bin_w	6.000e-02
	1	1	1	2	0	1	1	0	1	3	4	5	6	9	16	15	23	19	32	43	50	75	82	108	147	170	229	255	353	405	532	677	754	955	1097	1370	1554	1819	2172	2618	3047	3539	4070	4771	5298	5934	6959	7612	8646	9564	10581	12023	12807	14038	15506	16533	17802	19249	20300	21527	22781	23727	24987	25660	26665	27345	27787	27935	28462	28873	28686	28552	28158	28103	27310	26465	25863	25044	23946	22835	21563	20409	18978	17985	16657	15602	14060	13034	11661	10927	9554	8562	7595	6746	6070	5274	4691	4018	3557	2939	2621	2237	1830	1532	1319	1160	906	723	631	494	449	319	267	243	176	146	119	79	59	54	41	25	28	17	12	10	2	6	5	4	1	1	0	3	0	1	1	0	1	1	
t	8.000e-01	samples	1000000	xmin	-4.500e+00	bin_w	6.000e-02
	1	0	0	0	0	0	2	0	0	2	2	2	7	9	3	12	11	19	17	34	37	57	48	67	80	108	122	173	214	245	324	369	456	531	678	757	947	1122	1296	1549	1838	2059	2357	2786	3242	3731	4247	4880	5435	6157	6999	7489	8310	9586	10427	11365	12428	13422	14331	15543	17007	17646	19008	20122	20795	21992	22883	23531	24541	24909	25399	25736	26638	26728	27095	27079	26706	26571	25948	25834	24821	24721	23788	22712	21868	21144	20072	19009	17813	16637	15326	14381	13385	12137	11426	10417	9292	8265	7715	6869	6195	5494	4835	4294	3749	3287	2823	2419	2073	1712	1515	1268	1095	962	830	637	526	459	403	279	258	209	167	112	118	69	66	55	41	32	31	23	16	14	7	7	4	5	1	2	1	0	2	2	0	2	1	1	
t	1.000e+00	samples	1000000	xmin	-4.620e+00	bin_w	6.000e-02
	1	0	0	0	1	1	2	3	1	2	6	7	5	5	7	8	13	13	21	31	30	46	61	64	84	80	149	160	200	245	300	350	433	496	617	734	825	1024	1138	1392	1583	1818	2145	2494	2823	3239	3748	4075	4693	5414	5927	6602	7321	8181	9044	9758	10841	11577	12801	13734	14705	15749	16670	17726	18652	19711	20433	21141	22256	22833	23424	24431	24699	25162	25697	25526	25626	25584	25313	25434	24902	24861	24183	23741	23071	21995	21296	20398	19450	18518	17763	16534	15522	14741	13692	12830	11512	10730	9968	9031	7977	7289	6673	5981	5157	4721	4098	3737	3179	2888	2515	2165	1777	1669	1310	1181	938	808	670	573	496	435	337	306	229	219	153	127	115	85	59	49	43	37	31	18	13	16	9	8	4	5	4	5	2	0	2	0	1	0	0	0	0	0	0	1	1	1	
t	1.200e+00	samples	1000000	xmin	-4.860e+00	bin_w	6.000e-02
	1	0	0	1	0	0	0	0	0	0	1	2	0	1	5	4	8	4	10	13	18	27	33	36	45	53	65	86	95	118	150	187	233	317	359	439	484	607	653	847	975	1180	1347	1578	1800	2054	2327	2638	3040	3524	3994	4467	5002	5710	6180	6798	7661	8396	9293	10306	10708	12004	12703	13826	14652	15805	16675	17453	18598	19290	20127	20888	21666	22522	22885	23830	24262	24676	24816	24771	25114	25008	24943	24761	24721	24214	23577	22994	22460	21758	21019	20129	19463	18360	17542	16411	15834	14577	13650	12659	11652	11044	9871	9457	8334	7589	6847	6214	5513	5151	4442	4032	3466	3134	2704	2352	2037	1786	1539	1348	1127	903	825	712	579	491	438	331	272	260	186	172	132	105	79	69	52	51	30	32	27	18	14	10	14	7	7	5	6	1	0	0	3	2	1	0	0	0	2	0	1	0	0	1	
t	1.400e+00	samples	1000000	xmin	-4.500e+00	bin_w	6.000e-02
	1	1	2	1	0	2	6	5	5	8	12	9	8	15	28	31	43	34	59	75	95	91	115	142	207	213	274	317	388	472	473	658	795	865	1026	1285	1450	1698	1956	2170	2511	2959	3191	3740	4105	4650	5156	5660	6401	7142	7743	8542	9308	10112	11342	11994	12907	13698	14866	15575	16312	17553	18583	19215	19960	20733	21762	22224	22928	23328	23641	24181	24316	24647	24544	24821	24637	24418	24315	23863	23089	22786	22032	21617	20781	20096	19195	18254	17316	16560	15476	14806	13712	12847	11807	10968	10253	9241	8571	7781	7025	6376	5655	5154	4664	4174	3567	3228	2856	2462	2177	1943	1591	1465	1265	1036	893	768	661	533	436	407	352	280	226	179	155	126	115	91	58	45	40	51	31	24	19	14	11	13	9	4	2	3	3	5	0	0	1	0	0	0	0	0	0	0	1	
t	1.600e+00	samples	1000000	xmin	-4.860e+00	bin_w	6.000e-02
	1	0	0	0	0	2	0	1	0	0	4	1	7	2	6	6	8	11	14	13	26	16	43	40	53	69	89	130	153	175	203	246	283	375	437	466	560	682	797	914	1161	1295	1540	1707	2050	2267	2698	3007	3411	3762	4253	4727	5446	5937	6519	7255	7961	8431	9426	10157	11184	11946	12978	13944	14543	15739	16428	17358	18419	19029	19760	20586	21585	22023	22349	23078	23566	23969	24395	24370	24279	24490	24440	24228	23954	23641	23080	22497	22031	21476	20544	19926	19115	18332	17200	16407	15509	14703	13703	12889	11855	11009	10151	9524	8535	7913	7259	6517	5838	5403	4619	4178	3772	3337	3010	2582	2258	1947	1749	1486	1371	1128	943	819	713	604	467	407	358	328	241	198	166	148	127	112	70	61	42	37	43	28	21	21	8	12	14	9	5	7	6	6	0	1	0	0	0	0	1	
t	1.800e+00	samples	1000000	xmin	-4.500e+00	bin_w	6.000e-02
	1	2	1	1	2	3	7	6	8	10	13	13	15	23	29	21	52	38	54	80	110	111	154	212	211	272	316	374	426	506	590	694	872	994	1102	1302	1635	1783	1987	2321	2644	2926	3444	3856	4308	4686	5342	6087	6745	7179	8030	8732	9490	10467	11067	11913	12893	13867	14807	15405	16570	17503	18314	19315	19694	20814	21111	21985	22377	23121	23206	24155	24177	24051	24306	24190	24385	24014	23659	23354	22608	22472	21828	21385	20562	19847	18917	18127	17141	16283	15629	14623	13790	12873	12057	11277	10151	9592	8695	8048	7133	6436	6024	5415	4820	4240	3850	3450	3098	2548	2289	2045	1847	1575	1360	1111	1037	880	686	566	527	485	340	316	244	205	190	146	130	122	88	68	45	50	36	42	19	20	18	16	6	8	8	5	2	4	2	0	2	0	1	
t	2.000e+00	samples	1000000	xmin	-4.860e+00	bin_w	6.000e-02
	1	0	0	0	0	1	1	2	1	1	5	3	4	3	12	13	12	16	20	25	41	34	40	54	73	93	102	118	137	201	232	249	320	371	455	518	606	755	909	977	1119	1429	1571	1832	2084	2441	2800	3134	3442	3923	4301	4836	5484	6108	6685	7316	8052	8869	9528	10396	11243	11988	13079	13776	14575	15433	16377	17124	18035	18965	19596	20630	21089	21977	22353	22970	23322	23663	24052	24031	24265	24210	23912	24029	23632	23545	22744	22628	21938	21107	20709	19708	18726	17991	17300	16315	15553	14686	13775	12834	12056	11086	10227	9618	8760	7881	7322	6772	5969	5438	4922	4291	3976	3385	2966	2732	2419	2082	1828	1630	1344	1211	968	853	767	612	558	431	417	320	267	227	183	170	112	116	89	62	57	39	40	31	18	23	19	19	11	7	7	1	4	6	3	3	2	1	1	0	0	0	1	
