NEW_RUN	dt	dT_out	m	eta	kT	F	D
1.0000e-03	3.0000e-03	1.0000e+00	1.0000e+00	1.0000e+00	2.5820e+01	1.0000e+00
x
t	3.300e-02	samples	1000000	xmin	-1.020e-01	bin_w	2.040e-03
0	0	0	0	0	0	0	0	0	0	0	0	0	0	0	0	0	0	0	0	0	0	0	0	0	0	0	0	0	0	0	0	0	0	0	0	0	0	1	8	43	201	862	3428	10517	26681	55401	96654	139336	167540	167687	139116	96206	54927	26433	10400	3401	898	210	45	4	1	0	0	0	0	0	0	0	0	0	0	0	0	0	0	0	0	0	0	0	0	0	0	0	0	0	0	0	0	0	0	0	0	0	0	0	0	0	0	
t	1.650e-01	samples	1000000	xmin	-4.980e-01	bin_w	9.960e-03
0	0	0	0	0	0	0	0	0	0	0	0	0	0	0	0	0	0	0	0	0	0	0	0	0	2	3	8	12	28	65	140	237	473	867	1507	2566	4056	6413	9533	14169	19770	26673	34696	43820	53395	62036	68590	74445	77251	76635	74826	68795	61810	52770	43462	35130	26389	19797	13864	9504	6374	4063	2497	1518	856	483	257	103	57	33	11	5	3	1	1	0	0	1	0	0	0	0	0	0	0	0	0	0	0	0	0	0	0	0	0	0	0	0	0	
t	2.970e-01	samples	1000000	xmin	-8.940e-01	bin_w	1.788e-02
0	0	0	0	0	0	0	0	0	0	0	0	0	0	0	0	1	1	0	1	3	6	18	17	45	65	128	226	320	501	821	1230	1911	2608	3774	5459	7483	10012	13155	17121	21554	26645	31582	37000	42505	48090	52556	56199	58434	60521	60707	59055	56237	52480	47580	42883	37271	31694	26035	21363	16999	13173	9987	7450	5398	3798	2702	1843	1245	812	509	299	215	110	77	36	23	10	10	3	1	1	0	1	0	0	0	0	1	0	0	0	0	0	0	0	0	0	0	0	
v
t	3.300e-02	samples	1000000	xmin	-3.000e+00	bin_w	6.000e-02
	0	0	0	0	0	0	0	0	0	0	0	0	0	0	0	0	0	0	0	0	0	0	0	0	0	0	0	0	0	1	3	6	15	39	112	238	532	1125	2202	4167	7512	12310	19653	29024	40326	53949	67091	79480	88764	94167	94168	89128	79487	66774	53645	39895	28517	19453	12439	7234	4196	2233	1109	549	280	107	52	12	5	1	0	0	0	0	0	0	0	0	0	0	0	0	0	0	0	0	0	0	0	0	0	0	0	0	0	0	0	0	0	0	
t	1.650e-01	samples	1000000	xmin	-3.060e+00	bin_w	6.000e-02
	1	0	0	0	0	0	0	1	0	2	1	1	7	2	14	18	21	33	61	74	121	200	247	377	536	727	959	1312	1790	2336	3123	3945	5003	6288	7846	9769	11767	13959	16264	19255	22338	25162	28259	31400	34521	37464	39918	41508	43037	44737	45595	45016	44712	43683	42325	39993	36833	34563	31051	28433	25422	22142	19458	16492	13736	11773	9554	7799	6192	5053	3966	2969	2360	1770	1343	980	717	492	386	232	181	109	94	55	41	27	15	11	10	6	3	1	1	1	0	0	0	0	0	0	0	0	0	0	0	0	1	
t	2.970e-01	samples	1000000	xmin	-3.180e+00	bin_w	6.000e-02
	1	1	4	5	5	6	10	14	12	18	31	36	47	64	106	125	170	232	322	379	522	629	853	1079	1397	1759	2075	2562	3042	3888	4743	5603	6558	7592	9033	10439	11768	13570	15311	17227	19100	20786	22624	24747	26658	28750	30385	31829	33080	34252	34947	35692	35905	36086	35642	35463	33925	32731	31893	29904	28671	26669	24909	22720	21197	19041	17091	15608	13583	11739	10522	8912	7864	6497	5483	4644	3724	3070	2603	2124	1581	1390	1068	831	676	502	415	299	247	183	135	108	73	57	30	32	19	11	7	8	6	5	1	1	4	1	0	0	0	0	1	0	0	1	
