NEW_RUN	dt	dT_out	m	eta	kT	F	D
1.0000e-03	1.0000e-02	1.0000e+00	1.0000e+00	1.0000e+00	1.4142e+01	1.0000e+00
x
t	1.000e+00	samples	100000000	xmin	-3.363e+00	bin_w	6.006e-02
2	1	0	2	1	7	12	31	23	52	81	137	204	319	483	712	1092	1663	2418	3583	5037	7315	10531	14883	20662	28907	39160	53281	71741	95925	125362	163865	211657	271422	342720	428230	530891	651315	791838	948844	1128195	1325934	1543904	1776956	2023690	2284293	2542163	2800084	3057058	3298333	3523671	3718913	3885836	4015782	4104393	4148971	4145082	4103085	4012085	3884135	3718510	3521768	3301142	3058408	2802213	2543470	2282799	2025080	1777484	1545436	1327708	1127435	950399	789684	648939	531183	428097	342872	270784	211761	164555	125824	95267	72049	53410	39123	28580	20529	14763	10507	7285	5118	3482	2412	1679	1129	714	495	336	197	147	97	59	35	24	18	9	2	5	2	2	1	1	
t	2.000e+00	samples	100000000	xmin	-6.843e+00	bin_w	1.201e-01
2	2	4	13	9	9	26	47	72	98	180	261	385	584	864	1249	1782	2573	3646	5029	7495	10289	14280	19629	26750	35576	47596	62953	82365	107829	138840	177913	224248	280840	350093	431831	526003	636417	761030	903119	1062210	1236507	1426958	1628536	1846939	2072258	2299978	2531312	2756420	2975086	3184692	3375039	3539405	3676106	3784515	3854742	3892882	3891837	3854016	3782938	3673971	3535452	3371897	3182127	2975038	2754594	2530862	2299820	2070812	1844512	1631544	1428609	1236788	1063824	904349	762957	636413	525638	432069	350602	280621	224633	177440	138961	107642	82721	63612	47628	35987	26011	19620	14365	10401	7148	5214	3682	2600	1810	1254	778	569	335	291	162	117	80	44	38	17	10	8	3	5	4	3	0	1	
t	3.000e+00	samples	100000000	xmin	-1.044e+01	bin_w	1.801e-01
1	1	1	1	5	5	3	15	23	28	54	77	117	184	305	456	684	999	1534	2279	3352	4908	6954	9825	13680	19134	26216	35718	48164	65179	86152	113202	147128	189456	242218	305399	381644	471975	579761	703707	842853	1004136	1181313	1376995	1588471	1813460	2049691	2294637	2540251	2784765	3025180	3245703	3455136	3632885	3787987	3904613	3984745	4029566	4030409	3985540	3902477	3783162	3633340	3452541	3249516	3021697	2785349	2536886	2295600	2050962	1812992	1585525	1379439	1181127	1003582	845158	702381	579108	471433	381494	306185	242593	189816	148183	113824	86081	65331	48341	35967	26403	19090	13678	9926	6920	4797	3373	2232	1586	1027	702	431	305	203	122	86	51	37	22	20	6	8	3	0	0	1	0	0	0	1	
t	4.000e+00	samples	100000000	xmin	-1.368e+01	bin_w	2.401e-01
1	0	2	0	0	1	4	4	11	15	19	57	67	121	142	254	402	631	943	1508	2285	3389	5113	7221	10708	15147	21393	30208	41939	57193	78307	105170	140026	183253	237370	305558	387247	487611	603916	740272	900391	1081632	1282472	1504940	1745828	2000871	2268329	2545204	2820225	3088127	3349011	3583427	3798816	3976134	4117940	4211746	4257818	4257763	4211844	4115979	3977173	3796918	3584138	3348070	3091389	2817716	2547015	2268763	2001586	1743398	1506108	1280478	1081312	898512	742272	604332	486555	388499	306306	237507	183401	139580	104944	78104	58006	42050	30432	21623	14951	10628	7365	4914	3432	2257	1506	993	641	398	271	190	107	64	31	21	17	12	5	1	4	
t	5.000e+00	samples	100000000	xmin	-1.590e+01	bin_w	3.001e-01
1	2	0	0	1	6	3	10	18	33	53	97	154	214	359	558	883	1461	2280	3489	5217	8002	11895	17025	24857	35429	49515	69245	95666	130572	175146	230990	302781	391688	500311	631198	785672	964966	1166632	1398181	1654732	1929289	2225679	2532108	2841366	3150109	3444492	3727498	3974912	4182964	4351342	4463932	4520981	4519094	4460811	4348233	4184645	3972261	3725858	3445825	3149776	2844532	2530025	2221776	1930479	1653942	1398903	1169561	963986	784824	630933	500730	392597	303035	232285	175187	130289	95797	69260	50042	35265	24526	17052	11789	7871	5289	3474	2225	1435	842	606	364	227	134	81	53	28	14	7	9	4	1	2	2	
t	6.000e+00	samples	100000000	xmin	-1.800e+01	bin_w	3.601e-01
0	0	1	0	5	6	9	15	14	31	71	140	232	349	582	948	1541	2454	3939	5880	9217	13952	20762	30721	44371	63155	88674	124528	170666	230017	307415	404814	524818	669986	845382	1048278	1285422	1548181	1843389	2161972	2496181	2842432	3192502	3535249	3853424	4145201	4389462	4582918	4720497	4789968	4790433	4717615	4583794	4391119	4145784	3853297	3533575	3191717	2842635	2496750	2159113	1844806	1549078	1282501	1049738	846069	671070	524985	405161	307886	231106	170569	125110	89168	63077	44163	30396	20844	13717	9096	5881	3850	2368	1507	928	526	348	185	101	67	39	26	12	6	4	4	2	0	2	0	1	
t	7.000e+00	samples	100000000	xmin	-2.100e+01	bin_w	4.201e-01
0	0	0	0	0	0	1	1	6	11	18	37	82	129	235	376	648	1095	1752	2929	4830	7471	11947	17868	27544	41018	60155	85913	122659	172588	237371	320859	430957	565242	730680	928924	1168205	1437951	1744521	2083251	2445860	2829346	3217572	3602345	3967596	4302675	4587424	4811974	4973242	5056461	5051549	4972076	4809535	4586318	4302928	3970099	3602331	3218199	2829503	2444235	2082607	1743986	1438518	1167331	930517	730683	566604	431923	321659	238201	173028	122796	86926	59915	40770	27347	17880	11521	7443	4590	2948	1783	1067	589	369	205	116	56	30	17	12	9	6	4	0	0	1	1	0	0	
t	8.000e+00	samples	100000000	xmin	-2.400e+01	bin_w	4.801e-01
0	0	0	0	0	0	0	0	0	2	6	15	16	50	81	128	286	455	854	1444	2441	4008	6351	10569	16724	25771	39262	59459	87845	126653	180515	253297	348376	471699	626385	819765	1051490	1323983	1639580	1995134	2382204	2794938	3225993	3657307	4064580	4443730	4773331	5035771	5216477	5312388	5309457	5214870	5034479	4768279	4445013	4066714	3656209	3228989	2798368	2382707	1992633	1640856	1325147	1050484	819091	626784	471569	350579	254193	181584	127914	87846	58983	39329	25777	16362	10535	6509	3773	2397	1343	829	476	280	118	80	41	21	12	2	1	2	1	1	0	0	0	0	0	0	
t	9.000e+00	samples	100000000	xmin	-2.700e+01	bin_w	5.401e-01
0	0	0	0	0	0	0	0	0	0	1	2	7	24	30	61	98	182	353	666	1208	2167	3567	6032	9857	16201	25811	40080	61685	92699	136464	197829	279981	391058	533881	714921	940706	1213416	1532581	1899478	2308925	2751606	3219315	3690966	4149207	4573099	4946284	5245399	5452894	5560183	5559057	5448720	5242122	4942880	4575757	4148295	3693915	3221601	2753321	2307631	1900297	1532731	1213618	940560	716626	534338	391613	281563	198587	138061	92468	61770	39693	25447	16225	9929	6027	3525	2072	1198	657	361	211	92	56	32	11	3	4	1	1	0	0	0	0	0	0	0	0	0	
t	1.000e+01	samples	100000000	xmin	-3.000e+01	bin_w	6.001e-01
0	0	0	0	0	0	0	0	0	0	0	0	2	2	4	23	48	86	159	317	593	1059	1927	3494	5863	10118	16607	27038	42696	67597	102561	152944	224432	321994	451218	621925	837879	1104499	1427572	1799772	2231170	2697095	3200294	3711960	4216356	4689538	5105431	5445257	5677192	5799207	5801482	5674148	5438770	5107462	4692847	4218628	3714872	3201869	2697836	2227196	1799421	1426706	1106617	838977	622560	452199	322621	225854	153904	103092	67051	42923	26961	16493	10048	5848	3441	1915	1082	613	324	167	71	35	23	6	4	3	2	0	0	0	0	0	0	0	0	0	0	0	
v
t	1.000e+00	samples	100000000	xmin	-5.220e+00	bin_w	6.000e-02
	3	1	3	0	3	6	7	7	13	12	20	26	34	50	73	91	103	134	186	231	361	395	519	694	882	1067	1436	1895	2258	2928	3685	4432	5625	6932	8588	10735	13094	16203	19642	23854	29149	34820	42049	50183	60272	71366	84408	99171	116837	136978	159130	184147	213602	245907	282187	322009	366194	414749	469557	527714	591899	659665	731176	809596	891648	977222	1066978	1162843	1257158	1357181	1457727	1559934	1659152	1760260	1860594	1956719	2049564	2134925	2220788	2298145	2366490	2425563	2476967	2520447	2553922	2575969	2585265	2584460	2574718	2552346	2519886	2474741	2425194	2361938	2296236	2220484	2137213	2049988	1955243	1859761	1761604	1659289	1559072	1457212	1356548	1257094	1159702	1068279	977666	891926	808977	731079	658542	590175	528610	469554	415248	367572	323140	282544	246692	215949	185319	159314	137301	117377	99967	83998	71478	60000	50269	41825	34819	28985	23884	19495	15902	13140	10796	8665	7043	5685	4634	3634	2903	2373	1761	1443	1070	844	696	489	396	314	243	197	144	109	76	69	53	31	24	26	17	20	10	4	8	5	1	3	2	1	1	0	0	0	0	0	1	
t	2.000e+00	samples	100000000	xmin	-5.760e+00	bin_w	6.000e-02
	1	0	1	0	0	0	0	1	2	3	4	7	7	13	17	17	31	51	56	66	91	123	121	200	220	306	405	523	626	795	988	1288	1656	2065	2447	3202	3982	4788	5976	7263	8918	10682	12643	15843	19053	22762	27070	32488	38865	45623	54249	64008	75242	87249	102033	118311	136198	157819	181715	207655	237721	269163	305852	344788	387896	434221	485686	540498	597754	662517	728475	797132	872202	950553	1031125	1112824	1200264	1287611	1376370	1466686	1551816	1641834	1729140	1814514	1897393	1976130	2051118	2122005	2184075	2241417	2294789	2337858	2372332	2398944	2416626	2425773	2423555	2415952	2397068	2373308	2337084	2292049	2246138	2185983	2121154	2049304	1974531	1900453	1816836	1729618	1641414	1553858	1464907	1374265	1286326	1200098	1112726	1029478	950522	874126	799838	726364	663206	598166	540178	485128	433818	387554	345234	305612	269582	236633	207907	180803	158768	137416	119211	101364	87314	74703	63959	53953	45776	38730	32426	27233	23000	19003	15754	13029	10732	8776	7159	5873	4892	3910	3134	2480	1994	1674	1314	1071	833	600	521	404	293	244	188	151	114	88	63	58	37	29	23	11	12	6	11	2	5	3	2	1	3	0	2	0	2	
t	3.000e+00	samples	100000000	xmin	-5.520e+00	bin_w	6.000e-02
	3	2	1	1	3	6	8	11	9	14	24	28	31	42	45	81	119	160	175	223	286	336	422	603	673	877	1200	1429	1844	2217	2732	3349	4155	5180	6227	7628	9442	11516	13853	16607	20332	24478	29009	34238	40945	48535	57003	66979	78356	91841	106354	122883	142571	164033	187334	214503	243451	276046	312616	352673	395759	443807	494118	549794	607156	671583	736924	807010	879229	956745	1035537	1117931	1202989	1288582	1378116	1467756	1553502	1639979	1725762	1808654	1890566	1967211	2040375	2109725	2170633	2226559	2276617	2317609	2351811	2380563	2397353	2405920	2404704	2396047	2378129	2353072	2321389	2278013	2226025	2169199	2108271	2042001	1969924	1890908	1810047	1727753	1640036	1549234	1466157	1377225	1289513	1203610	1118385	1037155	955889	878240	805936	736233	669448	608001	547735	494630	442807	396303	351867	312684	277151	244079	214790	187847	163735	142814	122985	106054	91272	78348	67337	56869	48190	40428	34640	28663	24273	20177	16665	13975	11493	9553	7799	6309	5229	4243	3331	2843	2217	1757	1393	1089	939	726	568	469	329	287	207	180	123	98	68	58	51	39	24	26	16	17	6	11	10	3	2	0	2	0	2	0	1	0	1	1	1	
t	4.000e+00	samples	100000000	xmin	-6.180e+00	bin_w	6.000e-02
	1	0	0	0	1	0	0	0	0	0	1	0	4	1	1	0	4	6	8	15	21	29	23	44	55	79	70	103	159	173	216	279	356	459	636	704	887	1204	1384	1827	2289	2823	3407	4245	5285	6470	7941	9597	11851	14118	16958	20412	24406	28973	34527	41502	48535	57033	67469	79040	92066	106419	124056	143195	164837	189013	214998	246238	279075	314655	353588	398610	444788	495572	548333	607765	672414	736424	807431	881293	956786	1039951	1118248	1203735	1288713	1377952	1462769	1551634	1638450	1723985	1809332	1890525	1966177	2037877	2108596	2170917	2224377	2273687	2316490	2352477	2375729	2391274	2402947	2404951	2395705	2377430	2353498	2317112	2271690	2225295	2167283	2106841	2039381	1967541	1887619	1806252	1724566	1639783	1553474	1464351	1377132	1288938	1202129	1120989	1036564	956845	880399	808453	737989	670444	608422	550435	495241	445486	396251	354967	315231	278280	244098	214724	189565	165184	143016	123829	106365	91701	79210	67641	57303	48614	40823	34713	29250	24526	20431	17036	14044	11654	9590	7823	6349	5125	4339	3367	2746	2199	1834	1434	1247	885	760	539	469	366	278	209	182	125	97	87	72	35	32	11	20	12	10	5	9	8	3	4	2	0	2	1	1	
t	5.000e+00	samples	100000000	xmin	-6.300e+00	bin_w	6.000e-02
	1	0	1	0	0	1	0	0	0	0	1	1	0	4	1	4	3	2	3	2	7	18	17	18	27	25	39	61	93	110	142	167	213	281	373	455	589	731	910	1149	1473	1826	2344	2809	3375	4282	5317	6437	7848	9553	11679	13916	17033	20502	24385	28982	34941	41232	48471	57428	67474	79143	92760	106997	124137	143199	165491	188163	215466	245747	277875	314224	354550	396478	443865	495564	549165	607769	670629	737866	806990	881166	956773	1036797	1119754	1202216	1290775	1379474	1463935	1551577	1640461	1723861	1807752	1890671	1966140	2038583	2105817	2169959	2224633	2274911	2316699	2349478	2380599	2391535	2402287	2402200	2391787	2376759	2351332	2315196	2275487	2224815	2169423	2108171	2038239	1963589	1891815	1806823	1724703	1640271	1553276	1462747	1378940	1290240	1202791	1119749	1035588	957675	880315	808780	738433	669916	609846	551181	495419	444886	397189	354227	314352	278160	245534	215810	188913	164207	142721	124410	107234	91473	79157	67363	57466	48634	41533	34789	29238	24313	20517	17058	13970	11732	9829	7933	6396	5159	4294	3437	2875	2256	1841	1510	1157	876	707	589	439	373	273	229	175	130	97	90	48	46	53	22	26	16	7	10	6	7	3	4	2	2	1	1	1	0	1	
t	6.000e+00	samples	100000000	xmin	-5.820e+00	bin_w	6.000e-02
	1	0	0	0	0	3	1	3	2	4	8	8	6	10	11	16	26	40	49	54	95	117	136	178	214	281	339	461	570	718	914	1167	1444	1801	2307	2787	3421	4331	5255	6367	7994	9596	11624	14080	17178	20318	24380	29351	34779	41495	48599	57390	67388	78522	92238	106900	123597	143086	164303	189486	214560	245734	277344	313688	354212	396314	443190	495197	550075	608795	670729	737671	807263	880037	958087	1037148	1120029	1204578	1290000	1378137	1464569	1555406	1639248	1724038	1808832	1889364	1965864	2037950	2106813	2167910	2225818	2274227	2315710	2354003	2377729	2392957	2402331	2400409	2396730	2376650	2351136	2315356	2273614	2222595	2170359	2105196	2037797	1965921	1889131	1808769	1724670	1638968	1554001	1465683	1377232	1288915	1203673	1119920	1037296	956637	881945	806488	737851	671373	608115	549598	496567	444953	397429	354267	314332	278329	245939	216228	188345	164568	142954	123891	107116	91775	79312	67773	57474	48540	41514	34715	29332	24253	20096	16980	14056	11663	9566	7804	6393	5286	4251	3416	2789	2292	1824	1480	1134	927	735	617	439	361	281	222	179	146	102	85	56	43	33	21	31	13	5	9	6	7	6	0	1	2	1	1	1	
t	7.000e+00	samples	100000000	xmin	-5.760e+00	bin_w	6.000e-02
	1	0	2	0	1	1	3	5	3	4	8	10	12	35	28	28	33	34	53	65	86	146	153	258	277	357	495	589	725	919	1144	1484	1802	2404	2799	3543	4320	5218	6396	7773	9503	11611	14148	16900	20265	24383	28883	34568	41160	48901	57239	67445	78976	91853	106624	124571	143426	164335	187790	215751	244380	278079	314780	354207	396930	444333	495148	549526	607827	669600	737817	807472	880678	955877	1035977	1118996	1201899	1289870	1375877	1464011	1551897	1641688	1724373	1809437	1889925	1967606	2037392	2106606	2169007	2225384	2276747	2315217	2349956	2375897	2392074	2403637	2403269	2395867	2378330	2352427	2319037	2275912	2225511	2169841	2107583	2039809	1967401	1888812	1806767	1724655	1638407	1553929	1465727	1375174	1291756	1202876	1118616	1038065	956933	879821	807369	738302	670107	609589	550304	494921	444678	396763	354464	314458	278359	245062	215338	189008	164510	142719	123463	106455	92366	79221	67050	57463	48399	41167	34977	29058	24533	20476	17008	13920	11651	9696	8120	6495	5130	4195	3361	2790	2219	1783	1394	1225	889	720	518	434	363	304	227	153	158	99	76	81	48	32	29	29	14	17	13	6	6	3	3	3	1	5	1	0	2	0	0	0	1	0	0	0	1	
t	8.000e+00	samples	100000000	xmin	-6.000e+00	bin_w	6.000e-02
	1	0	0	1	0	0	0	1	1	2	3	3	5	4	7	7	10	22	26	29	27	50	58	72	77	133	184	234	253	356	444	605	695	879	1211	1425	1796	2273	2798	3560	4085	5322	6509	7765	9766	11606	14046	16966	20533	24518	29280	34841	41153	48651	57344	66729	79686	91605	106830	124045	142823	164078	189109	215223	245273	278785	314364	353670	397323	443858	494880	549200	607921	671068	739532	805253	880254	956895	1037498	1119486	1202751	1288409	1376314	1465473	1550337	1637715	1723263	1809286	1889131	1966787	2040217	2106832	2168574	2227330	2272603	2315494	2350896	2374954	2393800	2404075	2404541	2391536	2375843	2351109	2318504	2273315	2226357	2172090	2106335	2041415	1966676	1888551	1808492	1725163	1640939	1551165	1465396	1377668	1289729	1203358	1120285	1035621	958412	881413	807082	738581	669923	608956	551043	495917	444330	396942	353297	315285	278917	244475	216736	188629	164586	143559	124309	106852	91892	78930	66961	57768	48804	40986	34656	29275	24505	20438	16915	13809	11717	9503	7834	6436	5346	4216	3600	2833	2250	1788	1487	1173	935	718	563	467	366	260	231	173	129	115	77	56	52	29	17	28	20	10	6	7	5	2	5	5	1	1	1	0	0	0	0	0	0	0	0	0	0	0	0	0	1	
t	9.000e+00	samples	100000000	xmin	-6.240e+00	bin_w	6.000e-02
	1	0	0	0	0	0	0	0	1	0	1	0	0	2	2	3	3	6	7	7	7	20	22	32	38	50	63	75	117	114	160	209	296	346	442	547	702	950	1188	1500	1820	2198	2799	3518	4101	5235	6486	7780	9383	11518	13994	17123	20573	24411	29183	34804	41006	48607	57444	66967	78795	91976	107381	123951	143390	164635	188687	215378	245218	277234	314815	353847	398500	445090	496201	548417	608388	671669	737843	806818	881390	955914	1036938	1118449	1202331	1289902	1378159	1464182	1551571	1638217	1726853	1808226	1888231	1967591	2038431	2108270	2169188	2224678	2274392	2315516	2347585	2378031	2392382	2402088	2405001	2396611	2376509	2353482	2314876	2273106	2225646	2169066	2107456	2036989	1965923	1891208	1809483	1724699	1637909	1552934	1463124	1377593	1290544	1203119	1120624	1034583	956829	880196	809172	738148	671632	609594	549877	495876	444787	397617	354490	315725	277524	244978	215642	187866	164907	143200	123620	106836	92524	79271	67241	57350	49021	41166	34783	29164	24407	20501	16906	14010	11682	9519	7846	6325	5258	4281	3468	2719	2254	1794	1486	1130	871	736	540	475	377	288	224	201	126	87	72	70	54	41	34	25	20	11	13	7	1	3	1	2	0	2	2	0	1	
t	1.000e+01	samples	100000000	xmin	-6.420e+00	bin_w	6.000e-02
	1	0	0	0	0	0	0	0	0	0	0	0	1	0	0	0	2	2	2	2	4	4	8	9	17	24	30	51	56	63	67	89	140	187	244	273	383	465	597	743	881	1213	1460	1813	2300	2816	3317	4313	5269	6360	7840	9610	11492	14140	17084	20443	24348	29173	34779	41346	48909	57408	67210	78966	92336	107320	124116	143664	164286	188524	214942	245033	277323	314732	354654	397664	444441	495743	550639	610671	670647	737986	807253	880900	954798	1038391	1117653	1202483	1288589	1377835	1463414	1551562	1638848	1727101	1807344	1888842	1965517	2039442	2105497	2170021	2227730	2275559	2318275	2351736	2374754	2393997	2401844	2402136	2391839	2376456	2350385	2317763	2275482	2225177	2168788	2106770	2038952	1965822	1889476	1811602	1724135	1640517	1552234	1464181	1375960	1288103	1205511	1118690	1037055	956979	880598	806945	737547	670553	609212	551493	497544	444082	396957	355094	314103	277878	245037	214050	187785	164350	142663	123690	107078	92214	79281	67552	57142	49100	41538	34575	29187	24504	20402	17205	14031	11601	9620	7781	6397	5418	4320	3492	2792	2296	1835	1548	1168	907	705	599	467	358	280	219	195	114	97	75	55	43	24	32	27	15	18	9	7	5	8	3	1	1	0	0	1	1	2	1	
