NEW_RUN	dt	dT_out	m	eta	kT	F	D
1.0000e-03	1.0000e-02	1.0000e+00	1.0000e+00	1.0000e+00	1.4142e+01	1.0000e+00
x
t	1.000e+00	samples	10000000	xmin	-5.660e+00	bin_w	5.660e-02
0	0	0	0	0	0	0	0	0	0	0	0	0	0	0	0	0	0	0	0	0	0	0	0	0	0	0	0	0	0	0	0	0	0	0	0	0	0	0	0	0	0	0	0	0	0	0	0	0	1	1	0	0	0	3	0	5	3	11	14	26	29	42	59	88	144	220	296	438	553	836	1221	1688	2246	3065	4026	5359	7089	9401	12020	15669	19568	24905	30828	38435	47439	56974	68955	82357	97880	113645	132963	152111	172839	195086	218693	241549	264204	287061	309438	328807	346772	361062	375358	384636	389138	391807	388178	384260	374960	361909	346501	329334	309073	287794	264847	240690	218487	194377	172901	152774	131772	114131	97050	82675	68471	57161	46950	38416	31011	24905	19695	15563	11949	9313	7266	5407	4173	3079	2146	1621	1176	866	606	459	297	229	174	96	58	45	27	22	15	14	5	3	1	2	1	1	0	1	0	0	0	0	0	0	0	0	0	0	0	0	0	0	0	0	0	0	0	0	0	0	0	0	0	0	0	0	0	0	0	0	0	0	0	0	0	
t	2.000e+00	samples	10000000	xmin	-8.002e+00	bin_w	8.002e-02
0	0	0	0	0	0	0	0	0	0	0	0	0	0	0	0	0	0	0	0	0	0	0	0	0	0	0	0	0	0	0	0	1	1	2	0	3	1	3	3	3	3	11	6	10	16	14	26	36	49	57	77	100	122	154	203	245	307	384	475	613	777	902	1204	1493	1737	2269	2578	3267	3797	4615	5696	6623	7964	9444	10755	12994	14987	17692	20326	23444	27325	31197	35185	40499	45561	51308	57631	63812	71401	79360	87174	95640	104739	114290	123084	133731	143787	153784	163983	174038	185294	194070	204372	212874	221351	229224	235501	243091	248117	252787	256349	257317	259853	258915	257790	257428	253269	248513	244945	239645	231751	224378	216071	206946	197754	187529	178507	168135	158299	147337	137498	127742	117798	108388	98772	90239	81947	73374	66970	59813	53283	47466	42014	37500	32367	28394	24773	21510	18542	16033	13804	11615	10066	8428	7136	5928	5007	4117	3521	2887	2423	2015	1614	1333	1099	851	703	593	434	335	244	198	196	127	103	85	71	57	39	26	19	12	13	23	7	3	6	1	3	2	0	0	1	1	1	0	0	0	0	
t	3.000e+00	samples	10000000	xmin	-9.800e+00	bin_w	9.800e-02
0	0	0	0	0	0	0	0	0	0	0	0	0	0	0	0	0	0	0	0	1	0	0	1	1	0	0	1	1	2	1	1	7	2	2	6	5	5	10	12	11	20	25	34	32	48	57	61	86	109	119	156	193	245	297	379	408	557	654	682	894	1043	1278	1554	1861	2133	2587	2982	3515	4119	4649	5504	6534	7501	8460	9838	11174	12639	14614	16349	18822	20911	23585	26443	29509	32889	36791	40440	44959	49260	53987	59069	64746	70658	76573	82318	89266	95961	102856	109397	117104	124221	131232	138918	146047	153059	160522	167005	173251	179591	185184	192315	196740	202492	205793	209603	212887	215377	217969	219145	219894	219172	218803	217177	215040	212281	209063	205617	200186	197133	190645	185169	178747	172446	165953	159211	151744	144739	137487	129785	122758	115186	108067	101184	94499	87912	81276	74431	69783	64198	58246	53257	48681	43849	39781	35895	32639	28818	25851	23247	20444	18356	16155	14180	12403	10974	9785	8274	7202	6169	5460	4656	3945	3444	3037	2393	2144	1866	1529	1298	1028	935	748	608	492	431	334	248	245	196	170	117	94	87	64	69	32	37	30	27	21	17	12	12	8	5	3	2	1	3	3	0	1	0	0	0	1	0	0	1	
t	4.000e+00	samples	10000000	xmin	-1.132e+01	bin_w	1.132e-01
0	0	0	0	0	0	0	0	0	0	0	0	0	0	0	0	0	0	0	0	1	0	0	0	2	1	6	2	3	1	1	3	2	1	6	5	12	10	13	11	20	28	29	39	38	51	59	70	83	110	136	154	205	258	282	301	350	457	571	664	801	904	1078	1294	1580	1743	2088	2348	2785	3198	3687	4309	4847	5541	6589	7312	8098	9415	10543	11763	13546	15260	16938	18927	21167	23270	25607	28628	31642	34968	38144	41840	45584	49972	54010	58876	63259	67976	73967	78604	84225	89690	95344	102510	107502	113776	119310	126106	132163	138388	144448	150375	154696	161974	167086	171522	176274	180963	184739	187202	191755	194769	196725	198673	199717	200933	200824	200683	200272	199161	197565	194861	192453	189003	185984	181995	177330	173134	168101	163084	157235	151837	146551	140119	134291	128197	121427	115899	110250	103884	97789	91700	86287	80743	74964	69938	64832	59893	55393	50952	46650	42862	39435	36038	32708	29907	26833	24105	21778	19557	17549	15536	14008	12596	11187	9940	8663	7761	6779	5843	5142	4378	3850	3432	2907	2542	2227	1913	1579	1354	1162	1068	843	705	591	522	409	341	347	237	199	167	136	121	114	55	63	48	31	39	37	25	17	14	15	3	5	4	4	5	9	3	2	1	5	0	3	1	0	0	0	0	0	0	1	
t	5.000e+00	samples	10000000	xmin	-1.265e+01	bin_w	1.265e-01
0	0	0	0	0	0	0	0	0	0	0	0	0	0	0	0	0	0	0	0	0	0	0	1	0	3	1	3	1	4	3	1	2	3	6	6	5	9	12	12	13	15	16	31	43	52	45	68	70	89	103	135	129	165	206	247	336	341	432	474	586	695	857	972	1113	1277	1429	1687	1944	2291	2678	3064	3500	4032	4539	5142	5948	6691	7499	8547	9671	10561	12080	13340	14912	16612	18422	20423	22658	24912	27497	30259	32755	36193	39383	42523	46635	49925	54083	58476	63513	67772	71907	76614	82011	86761	92779	97953	103548	108806	114080	120113	125065	130740	135699	141420	146644	151851	156407	161002	165433	169657	173225	177055	179066	183135	185826	187396	188381	190285	189626	191220	191007	190226	188542	187011	185493	184411	181939	178159	174643	171396	167132	162270	158027	152852	148165	143531	137797	132024	127257	121542	116435	110678	104677	99863	94118	88663	83719	78273	73228	68975	64127	59811	55479	51535	47605	44046	40243	36863	33968	30943	28466	25600	23327	21122	19149	17389	15661	13820	12554	10969	10106	8986	7946	6981	6210	5587	4706	4171	3710	3201	2805	2364	2100	1906	1575	1347	1175	987	895	782	631	530	429	392	294	246	210	188	154	134	108	92	91	69	65	42	34	28	19	18	16	7	8	7	6	5	5	4	4	2	3	1	0	1	0	2	0	0	0	0	1	0	0	0	1	
t	6.000e+00	samples	10000000	xmin	-1.386e+01	bin_w	1.386e-01
0	0	0	0	0	0	0	0	0	0	0	0	0	0	0	0	0	0	0	0	0	1	0	0	0	0	1	1	1	1	2	1	3	4	3	5	4	7	7	10	15	23	18	17	31	32	28	43	50	58	79	84	99	114	149	168	227	258	302	335	411	476	577	638	800	913	1000	1239	1386	1645	1905	2095	2569	2728	3090	3689	4167	4624	5391	5974	6827	7505	8575	9443	10572	11999	13218	14654	16395	18022	19905	21887	24319	26633	29107	31698	34752	37423	40583	44185	47462	51426	55247	59315	63471	67676	72273	76712	81796	86570	91351	96410	101636	106879	111705	117650	122715	127202	133205	137839	142338	146296	151063	155745	159862	163271	167415	170893	172581	176202	178742	180847	182422	182974	183700	184623	185400	184976	183002	183392	181330	178785	176905	173426	171383	168260	164230	160406	156462	152485	147880	143276	138257	132575	128312	122981	117977	113281	108049	102098	97155	92273	87275	82612	77606	72733	68495	63996	59803	55669	52006	48421	44624	41470	37984	34896	32151	29245	26944	24764	22437	20132	18487	16709	15134	13599	12194	10900	9808	8791	7911	7036	6238	5436	4757	4232	3747	3354	2903	2504	2201	1907	1644	1449	1240	1095	952	826	653	559	509	464	388	278	262	233	177	138	133	123	79	62	66	58	34	40	24	22	18	19	17	14	12	7	7	1	2	3	3	3	0	3	0	1	0	0	0	0	0	0	0	0	0	1	
t	7.000e+00	samples	10000000	xmin	-1.497e+01	bin_w	1.497e-01
0	0	0	0	0	0	0	0	0	0	0	0	0	0	0	0	0	0	0	0	0	0	0	1	1	0	0	1	1	1	0	0	2	0	3	2	5	6	5	5	4	13	12	15	16	23	28	42	40	46	59	47	67	78	112	125	139	175	183	221	256	325	354	448	502	635	750	845	975	1034	1316	1493	1651	1907	2281	2536	2978	3312	3736	4241	4718	5295	6054	6900	7691	8473	9743	10751	11904	13054	14515	16258	17958	19548	21478	23487	25963	28377	31079	33466	35950	39186	42791	45896	49536	53373	57057	60794	64849	68925	73430	78500	82745	87184	92582	97822	101894	107905	111728	117005	121505	126005	131543	136364	140415	144927	149264	153574	157897	160201	165142	167429	169882	172690	174582	176938	178483	179600	180146	181082	181066	180483	179104	177683	176445	174850	172611	171670	167573	165147	161510	157747	153826	150252	145629	141890	136733	132161	127703	122238	117409	112702	107682	102660	97937	92509	88234	83387	79232	74374	69766	65913	61389	57505	53654	50077	46249	43183	39892	36998	33993	31227	28745	26287	24017	21930	19985	17855	16452	14822	13253	12186	11091	9865	8748	7930	7078	6316	5531	4829	4369	3878	3415	3006	2670	2242	2010	1719	1520	1299	1230	1024	862	760	663	532	462	399	356	296	231	226	182	139	122	96	86	82	62	54	27	26	29	28	13	15	11	14	8	10	5	8	2	2	2	0	3	1	1	0	0	1	2	0	0	0	1	
t	8.000e+00	samples	10000000	xmin	-1.600e+01	bin_w	1.600e-01
0	0	0	0	0	0	0	0	0	0	0	0	0	0	0	0	0	0	0	0	0	0	0	0	0	0	2	1	0	0	1	2	1	0	0	1	3	3	4	3	3	10	9	4	14	8	10	22	27	35	25	45	47	53	79	83	82	97	122	156	197	198	268	289	361	427	474	547	678	770	950	987	1207	1321	1565	1823	1959	2322	2638	2959	3376	3913	4429	4824	5332	6155	6898	7843	8685	9794	10915	11878	13247	14536	16140	17659	19505	21216	23425	25360	27825	30431	32908	35605	38676	42005	45280	48632	51957	55660	59388	63576	67237	71773	76148	80591	85128	89265	94463	99688	103831	108794	113389	118506	123141	127993	132297	136443	141192	145164	149341	153175	156677	159673	162850	166057	169010	170363	173499	173945	175965	176888	177598	177743	177839	176785	176898	175220	173349	171344	169453	167097	164654	161634	158119	154935	150667	146996	143708	138381	134305	129469	124941	120027	115303	111163	106416	101034	96649	91342	87028	82830	78248	73978	69614	65386	61337	57196	53585	50223	46677	43060	40119	37179	34493	31344	29135	26493	24685	22265	20463	18598	16925	15479	13837	12645	11533	10046	9334	8175	7313	6607	6028	5308	4663	4160	3623	3306	2790	2451	2161	2030	1669	1454	1299	1129	971	822	707	633	517	443	360	362	272	236	208	177	156	136	101	80	59	69	47	32	38	27	21	20	13	18	9	7	7	7	4	4	4	2	1	1	1	1	1	1	0	1	0	1	1	1	
t	9.000e+00	samples	10000000	xmin	-1.697e+01	bin_w	1.697e-01
0	0	0	0	0	0	0	0	0	0	0	0	0	0	0	0	0	0	0	0	0	1	0	0	0	1	0	0	0	0	0	0	0	1	1	2	0	4	3	1	1	2	6	8	7	10	15	7	13	16	24	25	33	35	50	44	54	75	93	100	141	154	166	205	233	282	304	398	427	537	654	736	797	952	1079	1238	1425	1602	1849	2183	2408	2636	3156	3554	3915	4396	5107	5634	6362	7195	7901	9042	9911	11101	12111	13288	14719	16057	17903	19516	21382	23489	25863	27939	30296	32579	35743	38244	41677	44889	47900	51579	54872	58882	62847	66901	71006	75033	79365	84278	88105	93210	97225	103089	106650	111178	115900	121006	126342	129631	134476	138182	141928	146225	149963	154960	157090	159820	163195	165616	168272	170158	171731	173740	173594	175769	175526	174455	175240	173878	173279	172737	170699	169062	165968	164082	160805	157764	154410	151573	147393	143369	139359	135438	130839	125627	122389	116964	112023	107967	102759	99096	93939	89543	84586	80568	76435	71472	67832	63417	59794	56115	52487	48871	45487	42347	39178	36456	33603	31022	28833	26378	24262	22121	20294	18478	16564	15454	13718	12468	11160	10038	9286	8241	7345	6579	5953	5198	4820	4006	3695	3360	2843	2500	2340	1954	1758	1412	1264	1167	1045	867	753	645	557	440	401	342	317	226	221	179	157	129	125	99	80	65	51	41	32	27	29	14	10	11	10	11	14	8	6	2	2	4	4	2	2	1	1	1	0	0	0	0	2	
t	1.000e+01	samples	10000000	xmin	-1.789e+01	bin_w	1.789e-01
0	0	0	0	0	0	0	0	0	0	0	0	0	0	0	0	0	0	1	1	0	0	0	0	0	0	0	0	0	0	0	0	0	0	0	2	0	2	1	4	1	2	6	6	5	6	4	9	10	14	15	16	28	12	22	36	43	57	54	57	81	120	121	156	169	206	233	266	292	351	443	461	574	672	768	840	1007	1120	1364	1520	1714	2002	2228	2588	2869	3316	3728	4058	4605	5195	5724	6591	7389	8421	9193	10220	11245	12504	13652	15070	16501	18168	19857	21878	23855	26139	27795	30695	33310	35841	38699	42029	45022	48233	51784	55034	58697	62505	67050	70832	74933	79127	83566	87820	92497	96994	101044	106486	110763	114756	119909	123730	128132	133576	136824	141305	144732	148812	152552	155373	158552	161391	164251	166069	168575	170153	172161	171865	173142	173041	172636	173615	173260	172156	170587	169285	166565	165327	162781	160163	157128	153824	150675	147351	143007	139398	135689	130981	126411	122376	117906	113299	108528	104001	99550	95249	90307	85996	81375	77152	73561	68736	64958	60865	57208	54080	50031	47293	43233	40876	37721	34640	32168	29676	27806	25234	23408	21045	19671	17638	16165	14516	13230	11852	10878	9742	8777	7842	7011	6438	5640	5159	4466	3954	3521	3257	2770	2495	2141	1947	1626	1404	1287	1093	1007	846	711	636	525	481	418	315	324	262	199	194	152	133	89	95	66	60	50	38	35	23	23	22	25	23	19	7	10	5	4	6	3	2	2	5	0	0	0	0	1	0	1	0	0	0	0	1	
v
t	1.000e+00	samples	10000000	xmin	-4.680e+00	bin_w	4.000e-02
	1	0	0	0	0	0	0	1	0	1	0	0	0	0	0	1	1	0	0	1	3	1	3	1	2	10	6	8	9	11	15	17	17	16	26	32	34	45	39	53	79	83	107	123	139	161	207	205	250	319	356	412	445	535	633	733	780	869	1059	1212	1428	1658	1812	1995	2252	2626	3001	3371	3724	4240	4758	5251	6017	6811	7462	8123	9046	9929	10944	12329	13365	14854	16400	18020	19542	21443	23546	25644	27659	29979	32562	34900	38135	40722	43365	47130	50112	53317	57757	61072	65063	68837	73725	77328	81370	85785	90452	94061	99238	103614	108550	112733	116874	120911	125972	129995	133979	137966	142320	146840	149185	152368	156300	158429	161798	164433	165081	167592	169861	170572	171464	172653	171967	172111	172550	171768	170582	168485	166640	165339	162956	160123	157328	154559	151839	148630	145221	140534	137435	133526	128408	124143	119595	115328	110743	106387	101563	97781	93158	88827	84117	79638	75696	71520	67149	63274	59409	55689	52461	48849	45909	42410	39803	36667	33974	31048	28974	26879	24358	22778	20531	18818	17211	15773	14359	12982	11939	10678	9619	8852	7887	7124	6407	5742	5140	4630	3977	3649	3181	2744	2552	2166	1918	1717	1508	1378	1154	1034	889	766	630	570	519	456	371	324	292	255	197	194	168	137	116	84	74	65	52	43	49	40	44	21	23	14	16	13	8	7	11	2	10	7	2	4	4	2	2	2	1	1	2	2	0	0	0	0	0	0	0	0	1	0	0	1	
t	2.000e+00	samples	10000000	xmin	-4.840e+00	bin_w	4.000e-02
	1	0	0	0	0	0	0	0	0	1	0	1	0	1	0	0	0	0	0	1	1	1	2	3	1	0	2	5	5	11	6	10	14	17	21	19	15	32	28	28	48	44	45	67	65	78	97	91	134	159	167	172	223	293	324	366	392	447	511	583	677	790	867	1002	1133	1270	1478	1600	1838	2050	2370	2732	2913	3319	3644	4083	4437	4994	5625	6252	6862	7662	8362	9244	10014	11184	12239	13245	14663	16087	17605	18853	20632	22591	24003	26400	28217	30398	32852	35150	37425	40132	42778	45680	49344	52097	55694	58556	62222	65566	68702	72966	76645	80125	84033	88234	92567	95634	100548	104061	108108	111662	116302	119719	122918	127491	131206	133444	137694	140589	143593	146954	148601	151327	152702	154615	156767	158267	159175	160860	161129	161360	162046	161719	161784	159805	159540	158112	157136	156008	153573	151920	149439	146628	144077	141602	137884	133984	131192	127457	124247	120034	117069	112285	109315	104899	101276	96748	93076	88472	85312	81113	76878	73452	70194	66191	62685	59684	56181	53462	49660	46739	43600	40842	38202	35863	33192	30775	28886	26504	24708	23020	21079	19730	17657	16381	15231	13798	12319	11559	10430	9412	8600	7623	7145	6273	5861	5116	4656	4222	3742	3262	3022	2662	2329	2109	1882	1758	1458	1356	1149	1093	929	838	722	632	564	458	409	382	306	285	250	240	176	159	118	105	95	95	63	61	68	42	39	38	21	24	21	19	19	10	5	10	12	8	2	5	1	4	6	2	4	0	2	0	1	0	0	0	2	1	0	0	0	0	1	0	0	1	
t	3.000e+00	samples	10000000	xmin	-4.640e+00	bin_w	4.000e-02
	1	0	0	0	0	0	0	0	1	0	0	2	0	0	3	1	0	0	1	2	3	0	7	8	5	3	6	13	4	13	16	15	22	28	24	27	33	31	39	65	69	72	93	85	113	134	169	207	205	232	295	318	344	408	492	547	642	706	830	934	1046	1230	1379	1552	1652	1900	2139	2415	2665	3045	3383	3722	4205	4685	5186	5713	6480	6951	7732	8599	9324	10406	11254	12507	13811	15018	16298	17776	19135	20875	22686	24412	26239	28706	30566	33091	35039	37786	40695	43669	45638	49138	52760	55530	58604	62288	65935	68920	73180	76341	80166	83697	87938	91749	95659	99548	104016	107417	111190	114776	119210	122289	125992	129540	132813	136204	139148	142426	144958	147557	149299	151860	153702	155670	156666	158698	158891	159912	160713	160054	160620	160051	158969	158075	157072	156165	154725	153133	150706	148720	146060	143413	141024	137525	134630	131846	127526	124000	120191	116519	112908	108520	105142	101511	97299	93835	89954	86466	82110	78029	74831	70692	67241	63774	60206	57193	53586	50968	46909	44736	42062	38917	36409	34412	32050	29557	27592	25398	23439	21795	20236	18369	17032	15556	14158	13184	12015	10930	9984	9070	8097	7315	6851	6136	5379	4903	4476	3925	3593	3165	2872	2613	2313	2038	1784	1613	1438	1262	1088	979	878	772	676	555	505	460	366	358	310	253	228	176	163	156	139	94	104	68	76	71	48	51	48	22	27	32	20	30	17	14	14	10	8	9	4	6	3	2	3	3	1	0	0	0	1	1	0	0	0	1	
t	4.000e+00	samples	10000000	xmin	-4.800e+00	bin_w	4.000e-02
	1	0	0	0	0	0	0	0	0	0	0	0	0	0	0	1	0	0	0	1	1	2	0	1	1	3	6	2	4	5	9	6	11	11	12	17	19	21	27	33	29	46	40	44	59	78	52	96	103	116	134	160	197	208	242	315	309	379	416	487	576	639	725	867	936	1107	1233	1423	1579	1809	1956	2210	2530	2740	3125	3571	3834	4488	4779	5390	5937	6623	7218	8096	8866	9711	10764	11831	12712	13911	15188	16752	17977	19695	21429	22991	25041	27066	29069	31120	33780	35941	38291	41114	43844	47036	49518	53452	56082	59325	62870	66056	69936	73309	76878	81383	84543	88657	92061	96667	100846	104379	108127	112265	115920	119340	123663	126289	130202	133326	136043	139668	142549	145043	147576	150108	151629	153566	155340	157177	158634	158985	160499	159444	159806	159417	160062	159334	158336	157856	155922	154833	152006	150539	147813	145551	143200	139320	137260	133683	130621	127652	122895	119674	115927	112282	107756	104476	100071	97111	93206	89072	84903	81244	77779	74135	69910	66747	63164	59819	56174	53331	50042	47688	44130	41573	38482	35775	33545	31274	29136	26984	25323	23122	21233	19540	18338	16883	15291	14014	12897	11708	10737	9770	8995	8175	7259	6669	6096	5385	4872	4480	3915	3575	3206	2871	2599	2294	2023	1752	1569	1376	1242	1032	976	809	785	643	575	501	412	382	338	340	256	227	207	175	143	126	124	95	72	74	62	41	38	30	55	27	21	15	21	13	9	12	14	12	7	5	1	4	3	1	2	0	2	1	2	1	0	1	0	0	0	0	0	0	1	0	1	1	0	0	0	0	0	0	0	0	0	0	0	0	1	
t	5.000e+00	samples	10000000	xmin	-4.400e+00	bin_w	4.000e-02
	1	0	0	0	1	0	0	0	0	0	4	2	0	1	2	2	3	2	4	5	5	6	4	8	8	11	18	19	19	33	33	37	38	50	59	70	76	81	90	107	185	152	180	209	247	261	340	361	450	461	560	637	735	805	975	1030	1180	1418	1535	1709	1912	2190	2466	2759	3115	3448	3801	4189	4752	5110	5812	6380	7175	7927	8643	9567	10417	11380	12484	13798	14912	16139	17261	19460	20870	22408	24415	26485	28323	30695	32754	35538	37681	40248	43261	46304	48911	51802	55311	58527	61695	65183	68710	72778	76126	80247	83884	87243	91198	95616	99782	103029	107623	111039	115011	118009	122037	125801	129350	132824	135815	139307	141132	143911	147404	148672	151712	153351	155063	157029	157420	158806	158961	159863	160554	159828	159878	158994	158833	157043	156073	154424	152716	150387	148550	146096	143419	140411	137471	134598	131006	127561	124220	120827	117153	114287	110002	105930	101730	97926	93914	90268	86108	82427	78777	74576	71214	67742	63681	60736	57525	54018	50917	47925	45138	42247	39192	36630	34461	32007	30020	27661	25447	23800	22159	20319	18751	17197	15955	14505	13183	12200	11107	9943	9191	8082	7616	6978	6244	5399	4962	4521	4032	3702	3371	2994	2772	2410	2129	1833	1719	1462	1309	1112	968	901	780	675	592	561	461	419	369	310	257	261	224	152	148	130	103	85	98	84	55	45	48	40	37	37	27	25	18	9	11	12	10	2	15	2	7	6	3	1	3	2	2	0	3	1	0	0	2	1	2	0	0	0	0	0	0	0	0	0	0	1	
t	6.000e+00	samples	10000000	xmin	-4.280e+00	bin_w	4.000e-02
	1	0	0	1	0	0	0	1	1	3	0	1	4	5	4	3	4	2	8	6	6	16	16	24	20	23	22	38	37	33	46	42	64	86	80	93	108	133	162	187	194	225	297	299	354	402	516	519	634	715	810	937	1104	1172	1303	1522	1742	1900	2080	2341	2774	2981	3279	3603	4198	4608	5199	5685	6249	7055	7680	8419	9280	10232	11270	12365	13578	14596	16102	17645	19233	20925	22585	24364	26080	28177	30304	32500	34981	37840	40211	42991	45774	48440	51265	54458	58483	61218	65122	68342	71824	76064	79551	82841	86578	90709	94692	98620	102787	106934	110124	114600	118416	122715	125138	128738	132101	135469	138659	141433	144404	146727	148742	151567	153422	154911	156609	157594	159208	159604	159396	160643	159596	160029	159408	158621	157946	155694	154928	152865	150828	148683	146525	143650	141211	138252	134887	131354	128136	125402	121019	117642	113971	109610	106480	102499	98159	94515	90432	86579	83012	78829	74916	71611	67856	64334	61597	57484	54458	51370	48272	45288	42852	39732	37385	34635	32134	30148	27989	25747	24015	22100	20436	18771	17169	15908	14400	13365	12108	11074	10138	9296	8282	7658	6964	6327	5560	5114	4621	4161	3669	3384	2965	2626	2302	2128	1876	1719	1444	1331	1150	1022	965	811	638	614	534	462	417	329	297	298	248	194	182	154	128	115	104	87	85	66	60	43	53	33	26	20	17	9	24	17	10	8	9	7	9	4	1	2	1	2	0	2	1	1	1	1	0	0	1	
t	7.000e+00	samples	10000000	xmin	-4.760e+00	bin_w	4.000e-02
	1	0	0	0	0	0	0	0	0	1	1	0	0	1	1	0	1	0	2	1	0	3	0	5	1	2	2	5	7	6	3	9	12	15	9	14	18	23	24	29	30	44	45	59	46	80	91	106	111	120	158	176	191	250	262	300	338	398	467	540	582	703	769	930	1046	1133	1370	1472	1622	1835	2182	2435	2682	3041	3323	3776	4124	4610	5242	5628	6290	6966	7740	8460	9121	10157	11294	12321	13576	14690	15892	17434	19050	20741	22259	24108	25914	27778	30090	32382	34780	37418	39796	42559	45502	48539	51586	54715	57946	61061	64699	68352	71782	75835	79222	83263	86522	90963	94943	98845	102464	106720	110606	114438	118020	121879	125004	128535	131727	135553	138406	140874	144092	146880	148640	151283	153555	153963	156694	157548	159194	159397	159764	159962	160937	159935	159169	158563	157405	156173	155352	152952	151473	148603	146540	143883	141224	138234	135567	131526	128693	125139	121748	117705	114075	109520	106578	102510	99029	94585	90887	86910	82729	79396	75641	71597	68014	64582	61033	57594	54560	51217	48531	45482	42595	39608	37359	34649	32316	30092	28121	25819	24147	22289	20570	18813	17231	15941	14692	13291	12390	11208	9983	9301	8446	7666	6820	6342	5681	5165	4578	4120	3720	3357	2999	2618	2372	2182	1895	1701	1566	1318	1141	965	914	849	749	641	566	469	386	390	341	279	241	208	185	152	138	130	105	95	71	70	52	51	32	35	29	19	21	19	15	17	5	8	10	10	6	7	5	5	9	1	0	0	0	1	0	1	0	0	0	0	0	0	1	0	0	2	
t	8.000e+00	samples	10000000	xmin	-4.400e+00	bin_w	4.000e-02
	1	0	0	0	0	0	1	0	1	1	2	0	0	2	1	3	3	2	5	3	4	3	8	17	8	14	21	27	19	40	30	26	40	57	54	60	75	85	80	124	126	177	173	224	259	282	315	366	446	449	513	598	687	826	948	1026	1112	1361	1510	1687	1889	2135	2368	2740	2988	3324	3727	4157	4580	5182	5771	6311	6967	7682	8512	9203	10059	11284	12328	13619	14712	16110	17395	18943	20581	22205	24200	26117	27640	29997	32309	35190	37336	39815	42004	45620	48427	51513	54447	57769	61233	64924	67737	71981	75851	79452	82875	87139	90897	95037	98377	102370	106584	110013	114750	118604	121522	124924	128511	131819	135313	137857	140884	144635	146309	149111	150794	153524	154552	156363	157468	158414	159397	160716	160124	160495	160152	159556	158753	157917	156440	155147	153207	150764	148990	146981	143960	141502	138603	135183	131564	128483	124957	121684	117599	113948	109954	106130	102470	98080	94392	90646	86458	82782	78687	75228	71812	68537	64723	61303	57770	54805	51402	48301	45623	42565	39880	37101	34996	32471	30371	28025	25850	24118	22306	20820	18871	17491	16057	14562	13508	12394	11013	10049	9261	8622	7756	6953	6230	5673	5168	4652	4164	3766	3424	2955	2681	2405	2124	1892	1687	1394	1294	1190	1047	955	748	684	611	531	461	412	359	284	276	256	193	199	155	140	114	115	98	90	60	53	57	31	30	26	28	27	20	17	15	14	10	3	8	4	3	3	1	1	1	4	2	0	0	1	1	2	1	1	0	0	0	0	0	0	0	0	0	0	1	0	0	0	0	0	0	1	
t	9.000e+00	samples	10000000	xmin	-4.480e+00	bin_w	4.000e-02
	1	0	0	0	1	0	0	0	0	0	0	1	3	1	0	1	1	2	4	3	5	7	5	9	8	11	7	11	19	15	21	16	37	37	35	42	49	62	84	83	104	115	138	170	191	227	220	309	323	361	407	517	540	647	762	812	935	1100	1114	1341	1479	1702	1941	2115	2357	2569	2968	3285	3624	4157	4638	5099	5547	6324	7025	7746	8354	9280	10259	11109	12079	13438	14545	15727	17562	18600	20394	22112	23823	25979	27738	29879	32363	34415	37310	40114	42395	45311	48396	51966	54602	57615	61571	65009	68686	72048	75550	79574	83077	87158	90666	94827	98726	102301	106593	110240	114302	117495	121907	124991	128287	131891	135384	138237	140845	144490	146093	148446	151308	153055	154794	156682	157951	158090	160001	160351	159972	159702	160232	159683	158550	156618	155821	154849	152996	150741	149613	146356	143521	141162	137882	135077	131908	129600	125903	121763	118243	114159	110424	106357	102637	98878	94885	91032	87034	82888	79246	75569	71860	68237	64244	61139	57713	54728	51455	48230	45802	42864	39703	37623	34899	32335	30057	28003	25728	23972	22228	20539	19004	17539	15990	14750	13319	12378	11324	10209	9272	8329	7751	6856	6423	5911	5029	4563	4256	3815	3329	2930	2615	2468	2194	1874	1640	1400	1376	1141	1012	911	811	728	610	562	460	406	366	299	254	252	214	170	152	142	121	132	90	72	64	55	40	40	39	14	30	24	14	15	11	11	9	6	3	6	8	4	1	3	2	4	0	0	1	0	2	1	1	1	0	1	
t	1.000e+01	samples	10000000	xmin	-4.680e+00	bin_w	4.000e-02
	1	0	0	0	0	0	0	1	0	0	0	0	0	0	0	0	0	0	1	0	1	0	1	3	3	4	7	6	2	12	8	11	12	16	17	37	31	35	42	46	58	42	56	81	94	83	144	126	164	164	201	219	263	327	358	448	475	546	618	664	838	938	1015	1205	1335	1435	1673	1840	2118	2419	2614	3069	3288	3677	4203	4620	5051	5594	6287	6993	7670	8525	9335	10144	11388	12305	13415	14663	15996	17388	19103	20442	22554	24242	25968	28052	29709	32123	35180	37693	39656	42596	45663	48374	51303	54478	57873	60780	64853	68508	71280	75507	79076	82940	86796	90740	95495	98990	102641	106100	110292	113937	117675	122202	124914	128743	131637	134665	137968	140897	144774	146911	148838	151351	153028	154383	157252	157481	158791	159645	159765	159871	160692	160029	159482	157970	157981	156269	155646	152232	151180	148601	146332	143705	141648	137765	135184	131957	128426	124874	121110	117787	114680	110346	106797	102530	98718	94781	90708	86801	82995	79619	75103	71761	68459	64691	61381	57565	54875	51038	48897	45017	42566	39923	37219	34735	32642	30387	28187	26029	24286	22117	20363	18911	17322	16166	14843	13314	12340	11112	10003	9348	8445	7462	7153	6304	5763	5141	4586	4219	3669	3487	3124	2725	2389	2162	1816	1654	1473	1322	1193	1059	918	848	699	578	605	482	407	365	281	285	249	189	191	155	143	85	105	107	65	66	68	49	41	34	34	30	19	18	20	11	16	5	6	2	3	3	4	2	2	1	3	1	1	1	3	1	1	0	2	0	0	0	0	0	0	0	1	
x2
t	1.000e+00	samples	10000000	xmin	-2.002e+00	bin_w	5.005e-02
	0	0	0	0	0	0	0	0	0	0	0	0	0	0	0	0	0	0	0	0	0	0	0	0	0	0	0	0	0	0	0	0	0	0	0	0	0	0	0	0	2485583	979114	716480	575974	485411	418016	366576	325071	290205	261909	237157	214914	197047	180026	164669	150869	139301	127021	118997	109494	100929	93131	86462	80511	74403	69077	64738	60191	55721	51768	47824	45114	41798	38526	36385	33547	31208	29189	27872	25559	23687	21848	20647	19414	17960	16819	16012	14714	13632	12655	12026	11213	10497	9787	9043	8561	8014	7408	6938	6505	6141	5807	5348	4995	4628	4341	4107	3858	3593	3277	3030	2969	2651	2606	2413	2243	2047	1988	1815	1698	1618	1539	1476	1290	1243	1123	1073	1091	930	921	863	759	770	685	640	599	544	519	467	417	412	390	362	342	309	319	300	268	254	249	224	183	180	161	172	153	177	145	127	120	109	119	90	98	90	82	79	84	79	62	68	44	50	45	53	48	47	39	29	39	29	37	27	34	33	16	35	15	19	21	12	12	14	15	7	9	13	8	8	8	4	7	8	8	7	8	10	3	5	2	3	5	2	9	6	1	0	3	2	2	4	2	2	3	2	2	0	2	2	1	2	3	3	2	0	1	1	0	1	0	1	1	0	1	1	0	0	0	0	0	0	0	0	0	1	1	0	0	0	1	0	0	0	0	0	0	0	0	1	0	0	1	0	0	0	0	0	0	0	0	0	0	0	0	0	0	1	
t	2.000e+00	samples	10000000	xmin	-4.002e+00	bin_w	1.001e-01
	0	0	0	0	0	0	0	0	0	0	0	0	0	0	0	0	0	0	0	0	0	0	0	0	0	0	0	0	0	0	0	0	0	0	0	0	0	0	0	0	1337124	550220	420284	350867	308510	276771	252326	233702	216859	202967	191351	181844	172680	163658	156096	149757	143606	138087	132861	127142	123147	117994	114217	110475	107115	103811	99809	97276	93713	90880	88311	85233	83184	80407	77878	75633	74104	70999	69498	67182	65525	63873	61946	59904	58013	57054	55109	54237	52630	50627	49479	48350	46911	45859	44678	42878	42517	41107	39959	38708	37668	36785	36027	34725	33972	33138	32245	31249	30698	29944	29114	28475	27303	26542	25966	25408	24789	24085	23246	22821	22313	21336	21221	20399	19952	19520	19026	18416	17942	17611	17026	16489	15974	15619	15211	14748	14438	14278	13781	13351	13105	12929	12289	12023	11779	11450	11358	10910	10483	10295	10149	9786	9440	9285	8928	8882	8575	8395	8061	7825	7677	7486	7358	7247	7090	6790	6610	6443	6390	6086	5908	5687	5604	5375	5366	5160	5002	4903	4745	4666	4558	4417	4317	4172	4124	3951	3841	3724	3680	3655	3378	3475	3295	3192	3158	3076	2935	2829	2771	2751	2711	2657	2506	2479	2382	2294	2282	2231	2222	2126	1991	2064	1873	1815	1840	1763	1754	1714	1645	1575	1576	1572	1594	1436	1348	1324	1359	1287	1291	1225	1151	1190	1171	1086	1068	1068	1014	937	963	997	925	893	865	809	815	786	784	759	718	724	719	690	671	665	594	600	575	562	569	528	550	537	482	513	481	461	456	507	408	438	412	430	403	366	344	341	348	365	353	337	317	307	276	317	291	265	273	288	259	257	241	237	253	212	209	212	194	193	209	201	204	172	194	149	182	174	155	178	156	119	131	151	136	136	141	108	136	128	106	125	96	107	115	85	88	103	85	103	79	74	76	72	103	87	79	67	76	73	81	72	66	67	56	60	49	73	45	48	44	47	39	56	48	37	42	33	35	48	29	36	38	39	28	29	24	33	22	32	28	21	29	18	22	29	18	22	26	19	19	17	24	24	19	19	25	15	24	8	31	19	16	11	15	18	13	14	7	17	15	13	15	14	13	10	12	13	8	7	8	6	13	7	14	7	10	9	9	6	6	9	4	6	6	12	7	8	5	3	7	7	5	7	8	6	9	4	1	8	6	4	2	2	4	4	4	4	7	4	4	4	2	1	2	1	5	3	2	3	2	3	2	0	1	1	4	2	1	3	2	0	2	0	1	2	3	0	2	0	0	2	2	2	1	1	1	2	0	0	1	1	1	3	1	6	4	3	3	0	2	1	1	1	1	0	2	1	0	1	0	2	0	1	0	0	1	0	0	0	1	0	1	0	0	0	1	1	1	0	0	1	1	0	0	1	0	0	0	0	0	0	0	0	0	0	0	1	0	0	0	1	0	0	0	1	0	0	1	0	0	0	0	0	0	1	0	0	0	0	0	1	0	0	0	0	0	0	0	0	0	0	0	0	0	0	0	0	0	0	0	0	0	0	0	0	0	0	0	1	0	0	0	0	0	0	0	0	0	0	0	0	0	0	1	0	0	0	0	0	0	0	0	0	0	0	0	0	0	0	0	1	
t	3.000e+00	samples	10000000	xmin	-6.002e+00	bin_w	1.501e-01
	0	0	0	0	0	0	0	0	0	0	0	0	0	0	0	0	0	0	0	0	0	0	0	0	0	0	0	0	0	0	0	0	0	0	0	0	0	0	0	0	898258	374544	289680	245267	216950	196660	181529	170417	160717	151887	145060	139370	133508	128645	124431	119980	115923	113208	109942	107107	104527	101223	99745	97422	94906	92851	90803	88905	87057	85065	83275	81851	80387	78493	77105	75805	74176	72795	71710	70411	69277	67527	66543	65504	64214	63344	62117	61185	60338	59157	57993	56724	56002	54942	54860	53031	52755	52025	50764	49610	49435	47963	47089	46740	46275	45925	44455	43656	43177	42401	41662	41099	40359	39601	39225	38419	37894	37240	36584	36364	35616	34854	34284	33745	33351	32776	32018	31585	31098	30411	30343	29688	29550	28670	28027	27846	27351	27057	26654	25991	25249	25337	24708	24436	23888	23792	23151	22728	22499	22164	21701	21191	21025	20760	20251	20087	19493	19443	19046	18610	18560	18049	17847	17548	17344	16890	16637	16521	16208	15905	15627	15401	15115	14860	14753	14488	14006	13802	13587	13471	13506	12913	12648	12489	12252	11978	11859	11829	11763	11518	11129	10907	11061	10753	10557	10368	10231	9951	9810	9714	9526	9232	9081	9120	8839	8672	8470	8539	8195	8121	8002	7800	7677	7578	7476	7353	7205	7155	7059	6877	6776	6394	6497	6506	6237	5980	6256	5952	5998	5775	5677	5521	5396	5420	5250	5257	5059	5014	4943	4870	4798	4720	4661	4536	4550	4445	4403	4145	4140	4044	4046	3868	3918	3872	3670	3676	3581	3653	3472	3422	3332	3267	3207	3278	3190	3060	3076	3016	2903	2949	2847	2767	2692	2677	2634	2544	2557	2506	2460	2394	2458	2309	2316	2219	2219	2284	2129	2057	2064	2053	1973	1972	2037	1871	1848	1784	1836	1778	1656	1729	1707	1640	1603	1567	1498	1577	1560	1498	1359	1411	1465	1355	1378	1366	1312	1243	1214	1278	1206	1180	1208	1169	1145	1179	1139	1139	1062	1057	1015	981	962	960	924	981	878	888	881	867	848	843	808	784	811	775	758	761	715	664	729	675	672	679	641	690	645	625	626	630	603	604	553	554	550	547	512	468	507	534	550	480	517	429	434	482	413	445	450	385	401	416	398	392	362	370	359	404	346	411	329	329	371	321	314	319	321	313	345	327	280	287	277	262	266	231	238	246	220	221	283	237	229	226	230	216	225	200	216	222	209	197	228	206	211	196	189	176	168	167	162	164	163	177	146	153	146	145	135	145	143	143	127	137	150	116	126	126	108	114	130	133	121	105	83	84	94	105	108	104	95	91	91	96	113	100	88	83	80	86	85	81	76	75	83	73	68	69	63	57	77	76	60	74	59	46	55	47	68	66	46	48	61	53	60	51	51	45	40	37	41	45	42	45	43	32	37	41	40	36	36	54	32	44	40	31	27	30	30	28	34	33	27	23	30	33	30	22	19	21	26	25	24	25	19	21	19	20	27	36	19	26	24	13	17	24	20	15	18	23	16	13	25	14	17	14	16	18	24	11	15	25	14	17	15	13	13	20	12	8	16	7	18	11	9	11	9	9	12	8	9	7	9	7	14	7	12	6	4	11	5	7	7	9	9	5	11	9	7	2	7	6	6	7	8	10	7	7	5	0	7	9	4	7	7	4	6	4	6	2	10	5	4	6	9	4	5	5	6	7	4	3	2	2	7	2	1	2	1	1	4	4	3	2	7	4	0	5	1	3	3	4	3	1	1	3	4	5	4	1	1	3	2	3	3	1	0	4	2	3	2	2	1	2	2	2	3	3	3	2	1	1	0	1	2	3	0	2	3	1	0	2	3	3	1	1	3	1	1	4	0	3	0	0	2	1	1	0	0	2	0	1	2	1	2	1	0	2	1	0	0	0	1	2	1	0	0	3	1	1	1	1	1	0	0	0	0	2	1	0	2	0	2	1	0	0	0	0	0	0	1	0	1	0	0	1	1	1	0	0	0	0	3	0	0	0	0	0	0	0	0	0	0	0	0	2	0	0	0	0	0	0	0	0	0	0	0	0	0	0	0	0	0	0	0	0	0	0	0	1	0	0	2	0	0	0	0	0	0	0	0	1	0	0	0	0	0	0	1	1	0	0	0	1	0	0	0	0	0	0	0	0	0	0	0	0	0	0	0	0	0	0	0	0	0	0	0	1	0	0	0	0	0	0	0	0	0	0	0	0	0	0	0	0	0	0	0	0	0	0	0	0	0	0	0	0	0	0	0	0	0	0	0	0	0	0	0	0	0	0	0	0	0	0	0	0	0	0	0	0	0	0	0	0	0	0	0	0	0	0	0	0	0	0	0	1	0	0	0	0	0	0	0	0	0	0	0	0	0	0	0	0	0	0	0	0	0	0	0	0	0	0	0	0	0	0	0	0	0	0	0	0	0	1	
t	4.000e+00	samples	10000000	xmin	-8.402e+00	bin_w	6.002e-01
	0	0	0	0	0	0	0	0	0	0	0	0	0	0	1133045	492067	391586	339176	307146	283360	266235	250248	237276	227271	217527	208793	200733	192577	186465	179431	172577	167499	161544	155908	151251	144793	140950	135352	132034	126495	122852	118531	114519	110536	107274	103379	99545	96835	93494	89243	86842	83840	81079	78292	75514	72575	70353	67598	65581	62674	60574	58858	56342	54933	52433	50687	48912	46766	45410	43501	41888	40528	39045	37487	36123	34910	33285	32243	30753	29907	28549	27823	26319	25416	24468	23442	22795	21719	20938	19985	19317	18445	17867	17155	16397	15849	15216	14711	14243	13598	12985	12527	11989	11515	11175	10720	10247	9809	9423	8959	8572	8321	8013	7578	7286	7085	6733	6465	6211	5977	5663	5536	5167	5025	4793	4598	4463	4280	4211	3992	3758	3672	3474	3381	3267	3113	2918	2849	2630	2560	2544	2405	2326	2225	2134	2037	1857	1815	1748	1673	1621	1537	1509	1409	1304	1241	1247	1231	1138	1035	1018	998	1007	953	842	885	747	763	758	734	684	626	654	593	576	555	513	499	501	459	417	416	398	332	389	359	323	318	327	265	289	298	269	262	248	225	188	221	190	185	178	186	149	153	123	158	140	136	129	118	121	118	97	89	94	85	85	73	78	95	91	62	81	56	55	58	52	55	41	61	39	32	42	41	38	39	33	35	29	28	31	35	16	26	31	26	23	33	20	15	13	13	8	18	15	9	15	16	9	13	9	10	8	10	8	5	6	5	10	5	9	8	10	9	5	10	6	4	7	7	6	3	4	2	6	3	0	5	2	3	4	2	2	4	4	3	1	1	0	0	1	1	0	1	3	0	1	0	1	0	2	0	2	0	1	1	0	1	1	2	1	4	2	1	0	0	2	1	2	0	0	0	1	1	0	0	0	0	0	1	0	0	0	1	2	1	1	0	0	0	0	0	0	0	0	3	0	0	1	0	0	0	0	0	0	0	0	0	0	0	0	0	0	0	0	0	0	0	0	0	0	0	0	0	0	0	0	0	0	0	0	0	0	0	0	0	0	0	1	
t	5.000e+00	samples	10000000	xmin	-1.050e+01	bin_w	7.502e-01
	0	0	0	0	0	0	0	0	0	0	0	0	0	0	848559	377072	304978	269077	246179	231517	219737	210377	202351	194796	189474	184132	177388	174413	169813	165646	161018	156501	153659	149363	145484	142618	139130	135411	132130	128455	125428	122899	119249	117106	114098	111861	108246	105683	102177	100391	97476	95283	92367	89518	87628	85115	82775	80333	78156	75680	74477	72230	70222	67918	66026	63855	61877	60931	58910	57150	55729	53741	52279	51223	49307	47861	46366	44660	43698	42091	41497	39864	38562	37292	36048	35301	33990	33062	31911	30942	29706	28846	28269	27057	26493	25607	24968	23737	23095	22434	21792	21056	20276	19628	19023	18424	17924	17224	16673	16218	15698	15234	14481	14087	13538	13162	12700	12293	11786	11458	11085	10718	10407	9962	9569	9422	9178	8825	8236	8094	7945	7494	7285	7074	6811	6630	6293	6141	5962	5688	5542	5425	5147	5042	4836	4632	4569	4255	4152	3965	3854	3682	3604	3561	3222	3228	3143	3015	2919	2816	2735	2699	2552	2447	2303	2270	2163	2150	1991	1971	1882	1800	1744	1733	1560	1575	1504	1484	1469	1325	1293	1251	1181	1150	1105	1068	1037	1029	941	938	858	866	828	797	766	759	701	691	644	652	591	542	545	558	542	476	484	480	477	458	386	381	393	394	359	363	332	323	260	326	256	283	267	271	228	217	216	232	190	234	207	177	191	171	190	166	167	146	137	125	129	121	142	111	101	83	121	83	95	95	95	85	92	64	56	82	69	53	58	67	53	41	52	54	42	45	36	47	40	39	43	36	38	39	27	29	36	38	29	23	20	28	16	23	17	29	27	24	15	23	11	16	17	24	19	17	10	16	18	16	11	10	14	13	14	14	12	7	11	8	4	8	10	4	5	7	2	5	4	11	5	3	5	4	4	4	1	4	5	2	6	4	3	2	2	2	4	2	2	0	2	0	2	1	2	1	2	0	3	2	0	1	1	0	2	1	0	3	0	2	0	1	1	2	1	2	0	0	1	0	1	0	2	1	0	2	0	1	0	1	0	0	0	1	1	0	0	0	3	0	0	0	0	0	1	0	0	0	0	0	0	0	0	0	0	1	0	0	0	0	0	0	0	0	0	0	1	0	0	1	0	0	0	0	0	0	0	0	0	0	0	0	0	0	0	0	0	0	0	0	0	0	0	0	0	0	1	0	0	0	0	0	0	0	0	0	0	0	0	0	0	0	0	0	0	0	0	0	0	0	0	1	
t	6.000e+00	samples	10000000	xmin	-1.200e+01	bin_w	9.002e-01
	0	0	0	0	0	0	0	0	0	0	0	0	0	522192	326819	252752	222040	204510	193885	184549	178586	173707	168804	164180	160905	158715	154725	152504	150046	147956	143932	142458	139939	137847	135897	133384	130566	128161	125659	124210	121841	120031	117694	115921	112365	110981	109598	106318	104681	102723	100371	98506	96399	93595	92659	90484	88424	87077	84420	83183	80636	79213	77298	75590	74284	72526	70226	68925	67747	65831	64409	62499	61338	59444	58249	56438	55521	54112	52574	51481	49896	49070	47804	46325	45522	44160	43144	41899	40738	39455	38805	37444	36419	35512	35021	33722	32932	31952	31031	30535	29645	28828	27563	27249	26086	25431	25286	24144	23544	22860	22057	21798	20999	20525	19817	19091	18830	18196	17900	17114	16679	16364	16014	15039	14598	14467	14172	13666	13197	12837	12476	12028	11716	11315	11068	10655	10335	9949	9830	9360	9005	8746	8755	8398	8122	7834	7691	7385	7349	6982	6737	6670	6282	6007	5889	5656	5536	5548	5266	4995	4933	4808	4591	4522	4297	4265	4039	3928	3886	3692	3575	3405	3357	3251	3200	3011	2926	2932	2690	2647	2629	2538	2336	2357	2297	2250	2218	1952	2059	1976	1827	1863	1794	1733	1634	1632	1562	1435	1492	1336	1295	1311	1302	1157	1151	1105	1071	1037	1046	961	956	908	901	877	864	831	744	820	709	725	680	652	654	613	571	573	546	533	524	509	491	475	460	427	410	384	415	355	354	377	349	337	308	301	282	281	275	275	283	257	252	220	223	227	183	234	192	197	183	191	164	192	147	135	158	139	133	132	122	112	105	109	98	121	113	105	103	108	87	91	92	89	82	87	74	79	67	52	44	60	59	59	58	49	53	44	58	56	37	41	36	52	28	30	29	39	29	26	22	25	27	26	29	25	27	23	22	25	20	23	30	18	14	15	11	14	18	11	14	10	7	10	14	10	16	15	14	12	8	10	11	9	11	4	7	5	4	5	9	14	9	1	6	5	8	1	1	8	3	4	4	2	4	4	3	4	3	3	4	4	4	2	5	2	1	3	4	4	3	1	1	6	2	3	2	0	4	3	3	1	1	2	2	1	1	1	1	0	2	3	0	1	0	1	0	0	0	0	0	1	0	0	0	1	1	0	0	0	0	2	0	1	0	1	1	0	1	0	2	0	0	0	0	0	0	0	0	0	0	1	1	0	1	0	0	0	0	0	0	0	0	0	1	0	0	0	0	0	0	0	0	0	0	0	0	0	0	0	0	0	0	0	0	0	0	0	0	0	0	0	0	0	0	0	0	0	0	0	0	0	0	0	0	0	0	0	0	0	0	0	0	0	0	0	0	0	0	0	0	0	0	0	0	1	
t	7.000e+00	samples	10000000	xmin	-1.435e+01	bin_w	1.050e+00
	0	0	0	0	0	0	0	0	0	0	0	0	0	279257	299265	211197	184037	168966	161256	155014	150830	147230	143927	141526	140518	138894	136582	135318	134203	132185	131542	130104	128271	127632	125864	124353	122780	121480	119827	118472	117434	115708	114011	112581	111495	109605	108486	106405	105055	103770	102039	99480	99001	96430	95098	93906	91981	90586	89188	87362	86064	85284	83798	81463	79888	78922	77376	75777	74381	72788	71566	69916	68610	67654	66177	64658	63386	62241	61005	59661	58016	57250	55901	54472	53750	52308	51516	50207	48990	47770	46651	45692	44873	43507	43117	41963	41027	39681	38728	38000	37309	36173	35810	34696	33667	33007	31892	31266	30869	30037	29368	28420	27987	27369	26478	25781	25023	24812	24022	23144	22770	22316	21894	21159	20436	20052	19452	19039	18472	18007	17694	17127	16639	16204	15874	15565	14932	14543	14202	13749	13489	13271	12849	12422	12234	11692	11404	11130	10981	10606	10524	10140	9567	9271	9319	8841	8758	8592	8230	7875	7727	7642	7393	7117	6973	6796	6624	6271	6135	6094	5881	5666	5596	5412	5179	4928	4862	4785	4567	4597	4384	4199	4089	4025	3907	3733	3608	3552	3415	3369	3213	3194	3133	3030	2967	2900	2761	2655	2568	2479	2536	2366	2297	2153	2154	2128	2001	1994	1951	1915	1842	1715	1709	1687	1554	1588	1515	1500	1419	1338	1371	1234	1217	1181	1182	1081	1109	1088	1009	1000	972	989	897	889	923	794	787	867	727	726	713	700	673	673	623	597	628	588	545	549	490	492	471	462	416	499	434	404	386	393	355	341	358	338	323	322	349	289	302	285	259	252	283	278	259	230	245	232	205	210	212	202	163	187	173	180	164	158	159	147	151	153	135	138	136	111	96	120	104	116	105	81	108	78	106	86	93	77	86	64	73	85	72	63	63	63	63	50	59	66	53	46	55	37	49	38	45	54	42	36	47	35	34	44	26	32	24	26	25	25	32	27	24	19	28	22	22	23	17	16	16	17	23	9	18	12	19	15	11	13	17	17	17	20	9	12	7	15	9	9	11	14	5	8	5	5	2	7	6	3	3	3	9	6	3	3	7	7	6	3	5	4	3	8	5	4	4	6	1	3	2	1	1	0	2	3	2	6	2	1	0	4	4	1	3	4	1	1	2	3	0	3	1	1	2	1	2	1	2	2	2	1	1	1	0	0	2	2	1	2	1	0	2	1	0	0	1	0	1	0	1	1	0	0	0	0	0	1	1	0	0	0	0	0	0	0	0	0	0	0	0	1	1	1	0	0	1	0	0	0	0	0	0	0	0	0	1	0	0	0	0	0	0	0	0	0	0	0	0	0	0	1	0	0	0	0	0	0	0	1	0	0	1	0	0	0	0	0	0	0	0	0	0	0	0	0	0	0	0	0	0	0	0	0	0	0	1	
t	8.000e+00	samples	10000000	xmin	-1.640e+01	bin_w	1.200e+00
	0	0	0	0	0	0	0	0	0	0	0	0	0	213657	232753	167755	146981	137247	131096	127950	125506	123592	122570	121447	120513	120053	119608	119046	118518	117399	117127	116543	115990	115123	115114	113977	112819	112258	111253	110694	110070	108923	108474	106668	106211	105472	103669	103123	102284	100713	99827	98552	98032	96614	95157	94207	92782	91452	90566	89372	88485	86811	85925	84196	82822	81725	80343	79049	78584	76905	75444	74695	73465	72418	70890	70242	68695	67473	66355	65284	63887	62785	61875	60589	59678	58626	57511	56916	55212	54352	53317	51837	51485	50295	49115	48253	47347	46301	45395	44779	43451	42761	41646	41102	40193	39565	38806	37880	37068	36045	35449	34655	34225	33206	32537	31529	30801	30431	29525	29187	28540	27702	27276	26848	25988	25612	24743	24555	23616	23483	22598	22143	21778	20970	20784	20357	19685	19325	18671	18376	17740	17430	17197	16554	16199	15878	15474	15192	14734	14449	14136	13717	13347	13081	12720	12230	12043	11766	11516	11222	11003	10705	10382	10048	9927	9737	9378	9246	8860	8520	8434	8214	8016	8009	7542	7383	7156	6985	6917	6716	6485	6522	6285	5936	5751	5771	5544	5478	5308	5147	4909	4897	4752	4611	4476	4375	4188	4181	4049	3940	3880	3726	3574	3506	3426	3262	3323	3147	3066	3013	2944	2845	2809	2682	2567	2464	2466	2315	2348	2224	2227	2212	2091	2034	1981	1903	1757	1827	1726	1700	1636	1586	1522	1580	1458	1460	1397	1393	1355	1324	1221	1244	1213	1128	1123	1102	1071	1019	963	971	982	899	884	847	810	767	798	767	804	738	692	680	648	639	590	583	574	584	547	467	525	512	453	439	470	444	488	427	459	423	383	351	374	358	340	329	305	286	341	301	262	300	280	243	254	243	248	226	216	231	229	185	183	200	191	209	164	158	151	167	154	158	136	141	134	129	145	120	131	102	127	109	92	105	90	101	84	77	104	78	79	76	68	71	72	64	70	71	78	73	60	52	55	64	44	46	51	51	52	22	45	54	43	48	32	43	35	30	24	29	39	32	38	26	32	30	29	23	35	26	34	26	19	12	21	15	18	19	14	20	15	16	13	12	15	10	19	9	11	12	5	11	9	9	18	10	13	17	8	7	7	5	5	5	10	6	5	3	3	7	7	8	5	8	5	4	4	5	5	4	2	7	2	5	4	3	2	2	5	3	5	1	2	3	5	1	0	3	2	3	4	2	4	2	1	2	1	1	2	2	2	0	2	0	1	2	0	1	2	0	1	2	3	1	1	1	2	0	0	2	0	0	1	1	1	1	1	0	0	1	0	2	1	0	1	0	0	1	0	0	0	1	0	0	0	0	0	1	0	0	0	0	1	0	0	0	0	1	0	0	0	0	0	0	0	0	0	1	0	0	0	0	0	0	1	0	0	0	0	0	0	0	1	0	0	0	0	0	0	0	0	0	0	0	1	0	0	0	0	0	0	0	0	0	0	0	0	0	0	1	0	1	0	0	0	0	0	0	0	0	0	0	1	
t	9.000e+00	samples	10000000	xmin	-1.845e+01	bin_w	1.350e+00
	0	0	0	0	0	0	0	0	0	0	0	0	0	164826	180688	133165	117861	111299	107831	105705	104596	103960	103320	103647	102986	104023	103345	103271	103331	103690	104206	104073	103590	103705	102792	103335	102659	102380	102291	102374	102538	101167	101001	100235	99539	99327	98787	97854	97678	96875	95944	95346	94528	94043	93162	91788	91030	90569	90122	89201	87497	86266	85619	85002	84063	82963	81632	81280	79693	79749	77927	77554	75826	75395	74152	73366	71882	70906	70376	69467	67573	66971	65985	65038	63860	63178	62035	61113	60288	59492	58383	57213	56538	55696	54217	53738	52232	52161	50712	50599	49158	48047	47643	46709	45610	44728	44038	43489	42659	41985	40725	40086	39163	38733	37789	36970	36670	35955	35131	34360	33634	33231	32678	31862	31344	30462	29743	29400	28606	28473	27626	26621	26420	26150	25233	24867	24418	23839	23592	22953	22125	21732	21299	20997	20458	20226	19651	19063	18598	18373	17809	17547	17244	16885	16441	16149	15698	15219	15050	14613	14527	13940	13862	13319	13267	12763	12200	12170	11673	11827	11435	11154	10824	10633	10210	10021	9970	9671	9297	9123	9078	8774	8479	8459	8156	7824	7761	7564	7518	7190	7086	6866	6802	6551	6425	6189	6175	5938	5652	5690	5542	5372	5264	5074	4947	4929	4682	4695	4553	4364	4180	4141	4014	3859	3868	3821	3644	3687	3460	3355	3333	3210	3069	2982	3017	2940	2786	2772	2673	2530	2482	2472	2452	2290	2188	2187	2253	2132	2100	1962	1972	2011	1818	1724	1756	1632	1644	1671	1531	1569	1486	1394	1428	1383	1317	1341	1311	1231	1167	1158	1143	1086	1052	1057	1099	997	1025	953	918	820	807	788	769	802	785	792	738	712	718	699	695	592	623	634	555	579	560	535	539	507	446	511	475	468	456	482	441	376	413	353	398	377	380	345	327	297	322	269	273	256	296	264	255	233	244	229	249	231	203	208	260	210	223	189	212	177	180	175	165	169	148	145	152	136	150	128	144	142	114	116	111	127	100	100	108	102	110	86	77	85	74	84	89	77	77	74	70	68	72	64	62	59	56	51	53	58	61	68	46	45	48	40	37	37	40	34	42	46	43	33	35	31	26	28	38	34	23	30	25	32	24	27	16	22	22	28	19	28	17	20	18	29	17	21	18	17	12	20	15	11	12	9	17	17	13	12	12	14	11	5	6	11	4	11	12	7	10	7	6	8	6	5	6	3	6	5	5	7	0	5	9	3	4	7	5	4	6	7	1	4	3	1	1	2	3	4	1	0	2	4	2	1	1	2	3	3	1	1	2	1	1	2	1	0	3	2	2	2	2	2	1	3	2	2	2	2	3	1	2	1	1	1	1	2	0	0	1	1	1	2	1	0	1	0	0	0	0	0	0	0	0	2	0	0	0	3	1	0	0	0	0	0	0	1	2	1	0	1	0	0	1	0	0	1	0	0	1	0	0	0	0	1	0	0	0	0	0	1	0	0	0	0	0	0	0	0	0	0	1	0	0	0	0	0	0	0	0	0	0	0	0	0	0	0	0	0	0	0	0	0	0	0	0	0	0	0	0	0	0	1	0	1	
t	1.000e+01	samples	10000000	xmin	-2.050e+01	bin_w	1.500e+00
	0	0	0	0	0	0	0	0	0	0	0	0	0	127298	141543	104998	94847	90610	88159	86941	87071	87406	87262	87771	88238	88593	89293	89808	89920	90742	91836	91253	91830	92305	92243	92593	92547	93704	92929	93455	93610	92965	92923	93532	92726	92995	92696	91683	91896	91550	91044	90910	90597	89403	89527	88994	88431	87895	87313	87227	85986	85249	84045	84165	83050	82225	81639	80707	79680	79670	78962	78077	77353	76145	75459	74985	73865	72806	72260	71501	70486	69074	68586	67810	67207	66427	65354	64470	63518	63026	62092	60785	60395	59588	58018	57960	56886	56408	55044	54320	53933	52814	51814	51252	50625	49382	48747	48456	47106	46763	45702	45097	44054	43564	42794	42069	41460	40669	40177	39161	38645	38146	37125	36723	35848	35186	34751	34061	33389	32709	32301	31734	31052	30530	29720	29597	28958	28164	27824	26989	26776	26238	25655	25071	24705	24139	23399	23399	22721	22201	21645	21653	21152	20965	19938	19758	19288	19191	18465	18183	17988	17384	17058	16553	16543	16061	15580	15223	15350	14691	14639	14221	13725	13324	13442	12963	12804	12372	12410	11744	11414	11313	11094	10928	10772	10504	10165	10122	9644	9581	9226	8974	8847	8563	8597	8201	8055	7960	7730	7511	7528	7164	7148	7083	6791	6669	6460	6333	6083	5988	5822	5817	5686	5622	5334	5199	4999	5003	4863	4728	4602	4624	4545	4304	4159	4089	4024	3805	3872	3744	3658	3541	3445	3369	3249	3243	3152	3011	2985	2864	2798	2721	2653	2633	2514	2531	2478	2331	2351	2190	2102	2157	2182	2058	2047	1945	1855	1839	1773	1760	1719	1635	1592	1570	1516	1476	1452	1505	1390	1389	1348	1262	1213	1253	1202	1128	1181	1129	1064	1038	1036	1016	913	930	932	916	869	841	811	779	772	777	701	717	695	712	677	679	633	652	628	588	571	520	567	527	532	527	458	463	499	453	427	428	379	395	398	406	383	347	368	306	320	333	304	321	266	280	255	287	273	269	259	255	241	221	226	219	213	213	181	197	183	185	204	183	184	175	169	166	158	133	128	149	134	122	133	121	148	110	113	99	118	92	102	97	105	93	81	77	100	83	93	77	91	73	69	77	76	68	61	66	57	55	42	65	63	58	47	53	57	43	47	48	55	47	32	34	27	37	38	34	40	35	36	36	29	32	31	35	25	27	20	18	23	24	27	27	21	14	13	16	21	15	14	14	16	15	14	21	14	14	14	14	11	9	10	8	8	9	9	9	13	10	17	8	8	3	5	8	11	3	7	8	4	5	3	5	7	6	5	8	6	4	3	5	2	3	5	3	4	3	2	6	5	7	0	4	2	3	2	3	7	5	2	3	4	3	1	4	1	6	4	6	1	4	5	3	2	3	0	1	1	1	2	2	2	1	2	1	1	0	3	0	0	1	0	2	2	0	2	1	1	0	0	0	1	0	0	1	1	1	2	0	1	0	1	0	1	0	0	1	0	1	0	0	0	2	0	0	0	0	0	0	2	2	1	0	0	0	0	0	0	0	0	0	0	0	0	0	0	0	0	0	0	0	0	0	0	0	0	0	0	0	0	0	0	0	0	1	0	0	0	0	0	0	0	0	0	0	0	0	0	1	0	0	0	0	0	0	0	0	0	0	0	0	0	0	0	0	0	0	0	0	0	0	0	0	0	0	0	0	0	0	0	0	0	0	1	
v2
t	1.000e+00	samples	10000000	xmin	-1.000e+00	bin_w	7.500e-02
	0	0	0	0	0	0	0	0	0	0	0	0	0	1515454	863620	606138	488725	416296	363018	324812	294846	267996	245986	228106	211569	197791	185439	173803	163614	154828	145868	139065	131082	123984	118342	112347	106690	101364	96659	92011	87427	83632	79887	76191	72790	69769	66665	63786	61603	58586	56095	53727	51871	49482	47205	45349	43562	41767	39813	38495	36729	35129	33585	32435	30961	30070	28606	27337	26532	25527	24482	23523	22384	21856	20804	19863	19195	18370	17734	17411	16442	15940	14912	14635	14027	13155	12762	12422	12057	11337	11117	10691	10215	9773	9400	9111	8881	8459	8073	7777	7321	7182	6926	6529	6555	6012	5994	5585	5624	5368	5021	4935	4692	4525	4330	4193	4123	3907	3768	3594	3456	3433	3128	3004	3053	2861	2813	2718	2543	2422	2360	2332	2191	2166	2003	1963	1950	1811	1746	1688	1693	1520	1512	1442	1415	1322	1369	1195	1178	1109	1079	1058	1067	970	921	921	906	834	770	746	786	707	704	691	634	642	563	559	585	488	505	484	499	443	448	408	417	406	375	393	371	342	342	303	315	271	276	307	248	245	254	233	234	188	198	193	202	188	145	165	171	151	143	144	160	122	137	147	124	105	111	116	102	111	89	95	94	77	87	85	68	72	78	70	67	59	73	83	67	42	45	54	50	45	38	37	54	53	36	46	38	37	37	33	42	31	29	24	29	22	27	24	22	27	18	16	22	13	21	20	9	14	18	15	12	14	10	11	11	12	9	15	11	10	7	8	8	14	11	9	10	12	9	3	8	8	7	10	11	12	3	3	7	5	4	3	7	4	6	4	2	1	4	3	5	4	6	2	0	4	1	0	4	4	2	4	1	3	1	1	0	3	0	2	1	2	1	1	4	2	2	1	0	1	0	0	1	3	3	2	1	0	3	0	0	2	2	0	0	1	1	0	3	0	1	0	0	1	0	1	1	0	1	0	1	0	0	0	1	0	1	1	0	0	2	0	0	0	0	0	0	0	1	0	0	1	0	0	0	0	1	0	0	0	0	1	0	0	0	1	1	0	0	0	0	0	0	0	0	0	0	0	0	0	0	0	0	0	0	0	0	0	0	0	0	0	0	0	0	0	0	0	0	0	0	0	0	0	0	0	0	0	0	0	0	0	0	0	0	1	0	0	0	0	0	0	0	0	0	0	0	0	0	0	0	0	0	0	0	0	0	0	0	1	
t	2.000e+00	samples	10000000	xmin	-1.000e+00	bin_w	7.500e-02
	0	0	0	0	0	0	0	0	0	0	0	0	0	1228533	707579	505850	412087	354653	314643	284914	260530	240727	224753	210728	198340	187138	177159	168179	159776	152981	146472	139420	133604	128664	122933	118435	113290	109171	105714	100959	97414	93388	90210	87146	83835	81614	78290	75999	73015	70795	68568	65892	63810	62352	59590	57832	56002	54058	52457	50489	48755	47716	45982	44029	43020	41860	40364	39210	37530	36608	35102	34335	32992	32605	31341	30179	29487	28209	27554	26538	26030	24913	24468	23649	22769	22107	21887	20831	20196	19554	19023	18173	17740	17007	16439	16123	15727	15127	14730	14191	13710	13297	12986	12730	12145	11678	11461	10828	10842	10579	10223	9606	9436	9158	8778	8673	8333	8161	7927	7651	7406	7129	7018	6684	6670	6408	6157	5794	5672	5550	5383	5169	5092	4964	4831	4683	4421	4419	4241	3994	3885	3795	3577	3634	3522	3348	3221	3145	3055	2989	2784	2797	2727	2511	2566	2468	2311	2241	2190	2118	2137	2063	1903	1924	1808	1738	1750	1679	1652	1592	1546	1357	1441	1440	1312	1269	1289	1213	1212	1162	1141	1087	1035	1013	949	949	854	908	824	788	783	828	762	724	723	694	636	644	628	576	564	566	561	490	487	536	479	456	470	436	458	436	398	427	370	383	339	328	334	349	330	272	304	290	270	248	266	258	257	279	216	212	212	207	233	197	208	176	190	185	177	162	182	126	142	146	155	141	125	130	112	131	124	106	99	89	106	104	99	80	74	100	97	86	80	72	75	61	64	66	71	68	64	72	45	52	56	59	58	54	42	43	47	66	48	39	36	47	36	31	41	34	24	34	28	34	28	19	26	23	19	21	16	28	19	18	16	27	20	18	11	20	18	22	21	12	8	18	16	11	9	17	9	16	12	11	18	9	11	17	7	11	4	8	12	7	6	7	8	7	7	11	6	7	9	7	5	5	4	3	5	1	4	6	4	3	5	5	6	2	3	3	4	6	2	2	3	3	6	1	2	3	4	6	1	2	0	1	5	2	1	2	0	0	1	2	1	2	2	2	2	3	2	2	2	1	1	3	1	1	1	2	0	0	0	0	1	1	0	0	2	0	3	0	0	0	0	1	0	0	2	0	1	0	1	0	2	1	2	0	1	0	0	2	0	0	0	1	0	2	1	0	0	0	0	0	0	0	0	0	1	1	0	0	0	0	0	0	0	0	0	0	1	0	0	0	0	0	0	0	0	0	0	0	0	0	0	0	0	0	0	0	0	0	0	0	0	0	1	0	0	0	0	2	0	0	0	0	0	0	0	0	0	0	0	0	0	0	0	0	0	0	0	0	0	0	0	0	0	0	0	0	0	0	0	0	1	0	0	0	0	0	0	0	0	0	0	0	0	0	0	0	0	0	0	0	0	0	0	0	0	1	
t	3.000e+00	samples	10000000	xmin	-1.050e+00	bin_w	7.500e-02
	0	0	0	0	0	0	0	0	0	0	0	0	0	0	1388994	573386	438282	367525	321343	288428	263609	243122	226978	212206	200328	188853	179829	171211	162790	155608	148873	142430	137269	132209	127897	122134	117948	113168	110208	105913	102189	98876	95940	92002	89621	86447	84165	81340	78121	76160	73763	71050	68725	66962	64887	62372	61362	58998	56987	55267	54033	52552	50974	49189	47715	46261	45303	43737	42484	41269	40209	38935	37701	36636	35578	34188	33646	32400	31504	30379	29741	28760	27933	27158	26548	25414	24686	24292	23319	22862	21986	21364	20708	20427	19635	19060	18226	17601	17181	16917	16438	15983	15417	15156	14485	14035	13663	13199	12828	12520	12186	12025	11659	11206	10852	10536	10160	10025	9443	9333	9168	8779	8554	8266	7958	7830	7500	7252	7123	6936	6729	6512	6353	6242	5902	5697	5645	5481	5309	5070	4973	4706	4784	4479	4435	4318	3989	3944	3943	3847	3710	3632	3390	3452	3343	3108	3040	2981	2883	2795	2784	2664	2584	2497	2358	2325	2281	2125	2108	2028	1941	1945	2006	1824	1772	1737	1696	1710	1515	1517	1461	1381	1381	1394	1299	1205	1235	1153	1172	1116	1160	1072	991	983	948	895	947	885	846	798	840	781	738	730	735	646	693	652	626	628	596	613	573	543	523	526	490	499	444	464	438	382	396	398	400	341	385	349	331	338	347	328	334	281	267	271	262	274	245	222	217	222	230	216	226	204	210	186	188	168	173	180	161	171	162	159	141	135	110	138	107	133	112	104	111	106	112	134	80	100	108	86	81	83	82	75	67	69	73	88	69	76	61	66	69	64	53	54	58	48	52	47	58	49	36	43	32	40	41	31	37	38	32	28	30	35	32	28	32	33	31	25	32	26	30	23	29	15	16	13	23	13	20	27	18	19	14	15	20	11	13	17	11	16	10	14	18	7	15	15	13	15	9	14	2	10	10	7	9	13	12	7	9	8	10	9	8	9	7	2	3	6	4	4	10	3	2	5	4	9	7	6	2	5	5	5	4	5	3	1	3	6	7	4	6	5	2	6	1	2	4	3	4	3	2	2	0	7	2	1	1	4	0	3	2	1	1	2	2	1	1	0	2	3	0	0	4	1	1	3	0	0	0	2	0	1	2	1	1	0	2	1	0	1	0	0	1	0	1	1	0	1	0	0	0	1	2	0	0	0	0	0	1	0	2	0	0	0	0	0	0	1	0	0	0	0	0	0	0	0	0	0	0	0	0	0	0	0	0	0	0	1	0	0	0	0	0	0	0	0	1	0	0	0	0	0	0	0	0	0	0	0	0	0	0	0	0	0	0	0	0	0	0	0	1	
t	4.000e+00	samples	10000000	xmin	-1.050e+00	bin_w	7.500e-02
	0	0	0	0	0	0	0	0	0	0	0	0	0	0	1347918	556828	425356	358448	314668	282051	258213	238944	224012	209862	198270	187325	177375	169320	161812	155194	149190	142834	138113	132111	127758	122910	118505	114081	110915	106554	103434	99886	96919	92909	90660	87951	84909	82282	79886	77515	75522	72729	70315	68173	66517	64333	62491	60317	59203	56436	55406	53540	52397	50545	48834	47651	46607	45354	44065	42791	41429	39856	39294	37302	36738	35668	34791	33779	32907	31991	30880	29810	29191	28309	27543	26591	25971	25333	24320	23921	23043	22288	21841	21113	20383	20145	19392	18785	18308	18005	17460	17057	16070	15773	15407	14910	14652	14069	13427	13142	12749	12469	11876	11783	11435	11090	10659	10492	10223	9821	9636	9384	8964	8681	8760	8269	8123	7959	7478	7315	7183	6950	6503	6521	6336	6118	5876	5885	5666	5441	5397	5181	5091	4942	4589	4577	4538	4374	4135	4108	3774	3846	3824	3625	3559	3417	3231	3243	3047	2981	3005	2835	2817	2644	2658	2638	2428	2347	2385	2267	2236	2068	1999	2001	1954	1837	1862	1786	1752	1643	1679	1622	1519	1500	1387	1370	1352	1305	1272	1258	1161	1169	1162	1149	1090	1026	1044	951	904	914	897	904	837	797	767	796	759	763	680	697	639	643	651	635	572	610	531	534	536	469	477	450	518	431	462	376	406	395	384	359	359	317	348	325	285	315	301	269	289	265	283	224	224	251	204	230	230	183	237	183	207	189	163	159	190	168	160	175	147	140	150	137	130	130	109	129	131	114	116	113	102	100	96	80	90	84	79	73	86	80	77	96	70	71	63	70	80	69	71	62	68	54	58	50	53	52	46	54	39	54	40	43	40	39	42	40	41	37	22	37	39	26	25	29	31	31	21	25	26	32	24	25	25	29	22	21	13	27	19	18	11	18	12	16	15	14	10	15	15	17	17	8	17	10	9	14	9	7	3	7	11	8	9	8	6	10	5	7	6	4	7	4	7	8	11	10	8	13	8	1	5	10	7	4	1	5	2	5	4	4	1	5	4	3	0	3	4	5	2	6	3	2	2	2	2	2	3	3	0	1	2	1	2	1	3	3	1	2	5	2	0	3	1	5	0	1	6	0	1	2	4	1	1	2	0	1	1	0	0	1	0	3	0	1	0	0	0	0	0	3	0	0	0	1	0	0	0	0	2	0	1	1	0	0	0	0	0	0	1	0	1	0	0	0	0	0	0	0	0	0	0	0	0	0	2	0	0	0	0	0	1	0	0	2	0	0	0	0	1	0	0	0	0	0	0	0	0	0	0	0	0	0	0	0	0	1	0	0	0	0	0	0	0	0	0	0	0	0	0	0	0	0	0	0	0	0	0	0	0	0	0	0	0	0	0	0	0	0	0	0	0	0	0	0	0	0	0	0	0	1	0	0	0	0	0	0	0	0	0	0	0	0	0	1	0	0	0	0	0	0	1	0	0	0	0	0	0	0	0	0	0	0	0	0	0	0	0	0	0	0	0	0	0	0	0	0	0	0	0	0	0	0	0	0	0	0	0	0	0	0	0	0	0	0	0	0	0	0	0	0	0	0	0	0	0	0	0	0	0	0	0	0	0	0	0	0	0	0	0	0	0	0	0	0	0	0	0	0	0	0	0	0	0	0	0	0	0	0	0	0	0	0	0	1	
t	5.000e+00	samples	10000000	xmin	-1.050e+00	bin_w	7.500e-02
	0	0	0	0	0	0	0	0	0	0	0	0	0	0	1333653	551428	423725	353987	312397	280685	256409	238056	221994	208697	196372	186287	178243	168309	162151	154843	148327	142771	136911	132249	127645	122307	118858	113882	110438	107169	103484	100071	96827	93745	91071	88124	85256	82681	79649	77891	75166	72891	71078	68895	66893	64886	63083	61404	60171	57819	56146	54713	52890	51288	49412	48653	47020	45086	44511	43041	41884	40620	39362	38452	37333	36030	35045	34165	33458	32016	31148	30426	29395	28756	27988	27008	26330	25369	24612	24234	23579	22914	22127	21584	20901	20196	19521	19189	18642	18046	17587	17224	16577	16091	15596	15399	14666	14347	13809	13353	13100	12612	12173	12182	11729	11417	11072	10633	10462	10136	9881	9538	9174	8962	8832	8408	8053	8023	7787	7559	7344	7138	7001	6789	6513	6357	6194	5938	5848	5683	5351	5466	5070	5022	4818	4792	4717	4576	4334	4093	4081	3986	3779	3646	3521	3681	3412	3306	3180	3140	3119	2907	2832	2705	2689	2662	2513	2424	2321	2212	2260	2087	2129	2080	2008	1941	1916	1879	1845	1672	1731	1618	1584	1470	1445	1390	1329	1374	1302	1216	1248	1192	1178	1115	1061	1039	1054	983	1007	949	915	910	905	871	808	788	813	729	766	730	669	716	677	647	618	621	566	564	553	527	498	494	516	478	436	403	438	431	369	412	375	411	345	337	295	341	294	306	317	272	290	274	242	244	248	203	211	210	239	202	217	212	174	188	183	173	152	175	144	157	145	139	145	120	139	118	134	127	125	114	125	115	100	90	117	94	91	102	76	99	79	80	85	78	65	80	67	60	59	64	74	51	50	50	54	62	59	61	54	41	48	43	43	62	38	38	28	30	26	37	32	27	27	38	25	29	27	29	24	27	23	18	20	15	20	18	30	17	17	10	12	23	24	15	19	18	18	11	12	18	19	19	11	6	13	12	12	7	12	3	9	8	12	9	9	6	6	12	12	4	13	4	6	6	6	8	6	6	7	7	7	7	6	6	6	7	5	1	6	6	4	6	4	4	5	3	4	2	7	0	4	1	1	2	2	2	1	2	0	4	3	2	0	4	1	3	2	1	1	3	2	1	3	1	0	0	0	1	1	0	2	3	0	7	0	3	0	1	0	0	1	0	2	2	0	0	0	3	0	2	0	3	0	1	0	1	0	2	0	0	1	0	0	0	0	0	0	0	1	0	1	0	1	0	1	0	1	0	0	0	1	1	0	0	0	0	0	0	0	0	0	1	0	0	1	1	0	0	0	0	0	1	0	0	0	0	0	0	0	0	0	0	0	0	0	0	0	0	0	1	0	0	1	0	0	0	0	1	0	0	0	1	0	0	1	0	0	0	0	0	0	0	0	0	0	0	0	0	0	0	0	0	0	0	0	0	0	0	0	0	0	0	0	0	0	0	0	0	0	0	0	0	0	0	0	0	0	0	0	0	0	0	0	0	0	0	0	0	0	0	0	0	0	0	0	0	0	0	0	0	0	0	0	0	0	0	0	1	
t	6.000e+00	samples	10000000	xmin	-1.025e+00	bin_w	7.500e-02
	0	0	0	0	0	0	0	0	0	0	0	0	0	764127	767574	494084	394675	337766	299381	272065	249977	231929	216719	204569	192942	182926	175221	166151	159690	152850	146526	140497	136171	130102	126021	121449	116923	113159	109589	105409	102554	99585	95568	93390	89552	87774	84490	82185	79446	77284	74436	73218	70530	68423	66115	64552	62506	60605	59240	57058	55510	54278	52494	51154	49825	47771	46592	45476	44226	42570	41483	40526	39213	37993	37274	35904	35112	33751	32863	31800	31439	30374	29150	28413	27818	26693	26314	25425	25283	23980	23332	22622	22085	21562	20608	20310	19799	19004	18402	18102	17527	17169	16467	16065	15754	15177	14885	14259	13770	13593	13344	12690	12275	11917	11789	11233	11043	10502	10336	10164	9858	9599	9313	8950	8738	8445	8164	7964	7620	7590	7345	7158	6883	6627	6515	6297	6189	6000	5709	5621	5318	5290	5105	5026	4842	4681	4562	4392	4225	4140	4055	3852	3899	3703	3531	3517	3435	3226	3259	2984	3025	2923	2900	2704	2782	2607	2519	2464	2282	2315	2229	2175	2169	1975	2024	1933	1880	1873	1831	1760	1648	1623	1595	1508	1490	1377	1364	1323	1349	1319	1235	1163	1223	1138	1067	1089	1058	1032	1013	937	912	858	887	861	817	821	748	762	745	669	693	631	596	629	629	572	521	541	527	520	520	506	483	473	450	419	412	440	421	384	365	357	348	300	342	335	320	327	290	267	288	251	230	284	238	253	224	212	217	231	227	218	200	187	196	167	167	169	134	169	123	133	143	129	118	137	143	121	113	119	104	111	110	103	85	95	89	101	91	78	89	71	69	69	59	72	78	61	50	58	66	55	61	70	59	57	49	56	50	54	36	44	38	40	35	38	40	29	33	39	40	37	30	18	40	20	20	25	19	40	25	21	27	22	16	25	19	20	19	16	27	21	13	16	15	20	13	16	11	13	20	20	17	12	7	18	9	10	11	11	12	12	13	9	9	2	8	8	11	11	6	6	15	11	3	7	2	4	11	4	7	2	2	6	3	5	6	4	2	5	2	2	4	4	2	1	3	0	1	2	1	8	5	4	5	2	2	3	2	2	3	5	3	1	1	3	1	2	1	3	1	1	0	1	2	3	2	0	2	1	2	2	0	2	0	1	1	0	3	3	0	2	2	0	0	0	1	1	0	0	0	0	0	1	1	0	0	1	0	0	0	0	1	0	0	0	0	1	0	0	1	0	0	0	0	0	0	0	0	0	0	1	0	0	1	0	1	0	0	0	0	0	0	1	0	0	0	0	0	0	0	0	1	0	1	0	0	0	0	0	0	0	0	0	0	0	0	0	0	0	0	0	0	0	0	0	0	1	
t	7.000e+00	samples	10000000	xmin	-1.025e+00	bin_w	7.500e-02
	0	0	0	0	0	0	0	0	0	0	0	0	0	765163	765504	492956	393871	337906	298760	270876	249374	231244	216294	204295	192871	183036	173907	167353	159302	152930	146270	140374	135240	130582	126115	121838	117306	113498	109268	105678	102536	99137	96173	93165	90168	87363	85167	82100	79705	77165	75249	72499	70599	68831	66646	64445	62854	60996	59098	56572	55818	54260	52773	50983	49877	48117	47093	45661	43827	42854	41881	40436	39260	38328	36785	36140	34950	34248	33232	32301	31279	30180	29362	28722	27554	26743	26373	25599	24619	24083	23498	22538	22135	21539	20661	20307	19392	19241	18699	18059	17596	17221	16526	16039	15634	15213	14675	14214	13886	13443	13232	12842	12243	11919	11784	11235	11114	10716	10489	9993	9781	9522	9407	9053	8681	8397	8235	8110	7910	7540	7229	7182	6888	6854	6499	6361	6211	5978	5749	5614	5405	5436	4987	4927	4833	4805	4545	4337	4390	4298	3945	3971	3777	3826	3626	3560	3426	3361	3165	3235	2936	2898	2748	2726	2801	2522	2495	2539	2417	2360	2253	2149	2184	2040	1968	1959	1838	1759	1783	1760	1686	1635	1561	1523	1477	1479	1433	1434	1322	1270	1245	1194	1200	1093	1090	1069	1018	1010	995	1009	884	873	857	876	796	785	844	728	734	697	674	643	626	620	608	610	576	511	556	540	549	480	470	481	453	422	434	414	436	365	402	366	355	349	362	329	316	299	312	286	247	285	271	242	236	216	211	203	223	221	186	227	187	190	192	179	183	186	161	165	164	163	162	158	129	139	118	105	121	121	128	132	98	94	101	97	93	79	97	91	56	91	88	80	83	70	64	80	77	66	62	64	52	55	66	44	61	43	38	56	49	43	58	33	32	37	48	38	29	41	29	24	41	38	22	28	31	37	20	25	18	26	29	26	24	23	17	21	22	26	15	21	22	16	18	16	13	15	11	13	18	13	15	15	8	12	14	10	12	10	9	9	9	11	8	6	10	11	7	8	7	7	0	6	7	8	6	3	8	7	2	7	4	6	2	2	3	4	5	4	7	4	5	1	3	2	3	3	4	5	3	5	0	3	1	4	5	4	4	5	0	1	0	0	1	1	1	1	1	0	4	0	3	1	1	3	1	2	1	2	1	2	1	3	1	3	2	1	0	0	1	1	1	0	2	2	1	1	1	0	0	2	1	1	0	1	1	1	1	1	1	3	2	0	0	3	0	1	0	0	0	0	0	0	0	0	0	0	0	0	0	0	0	0	0	0	0	0	0	0	0	1	0	0	0	0	0	0	0	0	0	0	0	0	0	0	1	0	0	0	0	0	0	0	0	0	0	0	0	0	0	0	0	0	0	0	0	0	0	0	0	0	0	0	0	0	0	0	0	0	0	0	0	0	0	0	0	0	0	0	0	0	0	0	1	0	0	0	0	0	0	0	0	0	0	0	0	0	0	0	1	1	
t	8.000e+00	samples	10000000	xmin	-1.000e+00	bin_w	7.500e-02
	0	0	0	0	0	0	0	0	0	0	0	0	0	1081872	628579	452025	371303	323434	288607	262974	242786	226212	211208	200255	189483	180339	171939	164315	157096	150656	144758	139078	134165	129302	124347	120273	115919	111783	108192	105072	101652	98162	95303	92242	89740	86426	83887	81305	78516	76810	74120	71918	69973	68327	65661	63830	61960	60216	58469	56940	54825	53660	51884	50583	49040	47559	45968	44615	44026	42486	41162	39955	38729	37707	36533	35713	34224	33759	32676	31807	30826	29737	29625	28425	27872	26729	26079	25321	24849	23743	23020	22546	21868	21256	20876	20175	19605	18822	18233	17866	17448	17055	16406	16051	15466	15024	14786	14263	13585	13410	13000	12487	12401	11956	11681	11239	11055	10645	10463	10143	9587	9397	9102	9112	8620	8453	8036	7845	7844	7489	7376	7112	6786	6694	6679	6332	6080	5936	5730	5688	5453	5282	5067	4981	4894	4721	4559	4303	4268	4161	4118	3881	3866	3818	3598	3438	3335	3335	3113	3076	2890	2924	2815	2678	2626	2583	2545	2428	2415	2362	2313	2188	2165	2068	1993	2007	1830	1825	1784	1685	1611	1591	1559	1523	1491	1410	1455	1338	1286	1274	1245	1196	1144	1183	1050	1075	1061	1014	982	937	950	886	888	842	864	812	771	724	690	692	713	685	621	603	577	638	564	525	525	539	503	492	473	473	428	426	405	430	406	387	360	354	337	314	294	312	276	326	272	275	292	287	265	242	235	206	268	246	216	211	229	212	193	143	179	173	161	153	139	148	166	148	143	130	130	142	111	117	126	122	101	110	100	102	91	92	78	87	88	88	87	90	63	83	72	64	69	57	55	62	48	50	64	53	56	61	47	56	44	57	49	50	35	37	34	40	45	33	38	35	40	43	34	25	21	17	36	19	35	25	30	22	23	21	18	30	26	28	12	21	17	22	22	16	11	23	13	22	20	15	18	12	10	10	8	14	10	6	10	15	9	11	11	8	6	14	12	8	5	8	6	9	1	5	10	3	4	7	2	7	7	5	3	5	5	1	9	6	3	3	7	4	3	5	7	3	7	2	2	5	1	2	3	3	4	3	2	2	6	1	2	4	2	4	1	1	4	3	2	2	0	4	1	1	0	0	0	1	0	4	1	1	0	1	1	2	1	1	0	0	1	1	1	0	0	0	1	1	0	1	0	1	0	1	0	0	0	0	0	0	0	1	0	0	0	0	0	0	0	0	1	0	2	1	1	0	0	0	1	0	0	1	0	0	0	0	0	0	0	0	0	0	0	0	0	0	0	0	0	0	0	0	1	0	0	0	0	0	0	1	0	1	0	0	0	1	1	0	0	0	0	0	0	0	0	0	1	0	0	0	0	0	0	0	0	0	0	0	0	0	0	0	0	0	0	0	0	0	0	0	0	0	0	0	0	0	0	0	0	0	0	0	0	0	0	0	0	0	0	0	0	0	0	0	0	0	0	0	0	0	0	0	0	0	0	0	0	0	0	0	0	0	0	0	0	0	0	0	0	0	1	0	0	0	0	0	0	0	0	0	0	0	0	0	0	0	0	0	0	0	0	0	0	0	0	0	0	0	0	0	0	0	0	0	0	0	0	0	0	0	0	0	0	0	0	0	0	0	0	1	
t	9.000e+00	samples	10000000	xmin	-1.025e+00	bin_w	7.500e-02
	0	0	0	0	0	0	0	0	0	0	0	0	0	764506	765442	493503	393554	337639	298086	271056	249365	231049	216806	202958	193572	183035	174045	165952	158905	153080	146815	140031	134765	129836	125686	121330	117224	112694	109810	106396	102928	98449	96019	93161	89645	87581	84776	82053	79471	77512	75764	73211	71036	68915	66525	64798	62851	60997	59078	57612	55781	54069	52460	51254	49713	48472	46762	45894	43845	42943	41842	40599	39560	38110	37096	35929	35147	34106	33097	32275	31151	30439	29609	28678	27885	26875	26189	25473	24870	23987	23354	22745	22099	21471	21093	20122	19639	19166	18628	18227	17351	17199	16543	16390	15813	15186	14755	14276	13847	13766	13364	12769	12447	11966	11796	11312	10961	10739	10493	10169	9680	9575	9332	8949	8605	8462	8156	7983	7731	7567	7263	7203	6907	6676	6563	6325	6246	6051	5796	5671	5556	5479	5035	5074	4881	4711	4538	4497	4368	4237	4054	3958	3852	3698	3657	3457	3563	3286	3306	3133	3013	2979	2865	2753	2741	2580	2587	2405	2342	2338	2226	2188	2159	2072	2065	1849	1890	1821	1780	1771	1733	1662	1622	1643	1553	1458	1422	1277	1334	1284	1202	1228	1149	1147	1138	1055	1075	1033	1004	983	959	910	888	806	835	787	772	730	701	714	673	651	615	610	618	611	576	564	589	484	532	528	525	466	445	407	445	422	336	385	395	340	324	354	307	311	309	311	323	302	270	261	267	229	252	230	244	210	210	221	189	215	200	182	159	204	173	169	153	165	163	160	156	132	134	123	126	117	120	113	132	112	97	104	92	100	96	85	90	76	80	80	73	97	65	78	52	60	73	66	57	58	52	54	51	45	49	49	50	56	48	52	33	52	39	37	43	40	33	27	25	36	31	27	32	25	23	21	34	30	32	28	22	21	24	19	33	33	22	28	15	17	19	20	14	18	10	20	11	16	12	14	11	15	9	10	12	19	12	13	6	4	6	13	6	3	11	3	7	9	8	4	8	8	6	10	8	5	6	5	3	2	2	1	4	5	2	8	7	4	7	2	5	7	2	3	3	1	1	4	3	4	2	0	2	6	3	2	2	2	1	2	0	3	2	2	1	2	1	1	2	2	1	3	2	1	0	2	0	1	2	0	0	1	0	0	0	2	1	1	1	1	3	0	1	0	3	1	0	1	0	1	0	2	1	0	0	0	0	0	0	2	0	0	1	0	0	2	0	0	0	0	2	1	0	1	0	0	0	0	0	0	0	0	0	0	0	0	0	0	0	0	0	1	0	0	0	0	0	0	0	0	0	0	0	0	0	2	0	0	0	0	0	0	0	1	0	0	0	1	0	0	0	0	0	1	0	0	0	0	0	0	0	0	0	0	0	0	0	1	
t	1.000e+01	samples	10000000	xmin	-1.025e+00	bin_w	7.500e-02
	0	0	0	0	0	0	0	0	0	0	0	0	0	764853	764065	492452	392942	337811	299223	271284	248878	231843	216329	204013	193131	182969	174397	166908	159634	152619	145979	140482	135702	130684	126398	121421	116733	113282	109495	105686	102409	99263	96001	93627	89737	87173	84936	81974	79862	77142	74801	72799	70692	68091	66462	64550	62828	61163	59489	57543	55554	54238	52820	51170	49701	48436	46604	45713	43926	42858	41829	40493	39189	38101	37205	36112	35326	34237	32646	32115	31060	30298	29733	28682	27920	27136	26439	25459	24980	24093	23294	22758	21973	21529	21057	20434	19482	18991	18547	18351	17728	16854	16582	15871	15602	15227	14624	14438	13975	13613	12920	12758	12360	12223	11631	11543	10995	10731	10429	10281	9940	9590	9289	9146	8702	8482	8328	8067	7884	7746	7230	7058	6925	6818	6473	6246	6042	6011	5753	5660	5502	5404	5062	4988	4975	4748	4726	4464	4383	4273	4017	3889	3888	3728	3665	3553	3445	3271	3189	3128	2993	2823	2824	2743	2725	2727	2494	2392	2402	2265	2288	2225	2068	2073	1910	1988	1945	1866	1837	1713	1719	1613	1585	1575	1502	1483	1407	1442	1310	1265	1166	1251	1176	1126	1088	1135	1030	1029	933	956	888	931	892	867	844	876	848	791	764	708	691	642	662	682	613	588	540	548	557	546	507	509	490	459	418	434	388	379	392	410	369	359	360	368	293	317	284	333	290	298	296	288	256	249	265	248	238	228	209	205	232	204	185	200	187	190	180	169	176	155	156	136	133	126	135	127	103	150	132	144	115	106	107	100	93	93	111	85	92	82	81	82	78	84	70	66	84	41	45	62	59	51	68	68	48	58	47	51	49	52	45	38	46	34	35	44	33	41	35	41	32	37	22	30	36	30	33	32	21	31	20	26	16	12	20	11	24	18	14	18	19	27	11	23	23	18	23	11	15	11	13	11	19	15	10	11	9	12	13	12	17	10	12	11	6	13	7	5	8	9	8	9	5	7	6	3	5	12	2	4	6	2	10	12	5	4	4	5	5	8	3	5	3	3	3	6	2	3	2	2	4	4	4	2	4	5	1	3	1	2	2	3	4	0	2	1	4	3	3	2	1	0	0	1	2	1	2	1	0	0	1	1	0	0	0	0	0	0	0	0	2	1	0	1	0	1	0	1	0	2	0	1	0	1	1	0	0	0	0	1	0	0	1	0	0	1	0	0	1	0	0	0	0	1	0	0	1	1	0	0	0	0	0	1	0	0	0	0	0	1	0	0	0	1	0	0	0	0	0	1	0	0	1	1	0	0	0	1	0	0	0	1	0	0	0	0	0	0	0	0	0	0	0	1	0	0	0	0	1	0	0	0	0	0	0	0	0	0	0	0	0	0	0	0	0	0	0	0	0	0	0	0	0	0	0	0	0	0	0	0	0	0	0	0	0	0	0	0	0	0	0	0	0	0	0	0	0	0	0	0	0	1	
xv
t	1.000e+00	samples	10000000	xmin	-9.660e+00	bin_w	9.660e-02
	0	0	0	0	0	0	0	0	0	0	0	0	0	0	0	0	0	0	0	0	0	0	0	0	0	0	0	0	0	0	0	0	0	0	0	0	0	0	0	0	0	0	0	0	0	0	0	0	0	0	0	0	0	0	0	0	0	0	0	0	0	0	0	0	0	0	0	0	0	0	0	0	0	0	0	0	0	0	0	0	1	0	1	4	5	11	29	67	131	294	583	1209	2705	5787	12526	27514	61689	143387	358478	1256427	1606463	902556	687338	558391	472598	405400	351729	310928	273746	243917	217768	195297	175750	157633	143236	128929	117063	106000	95173	86540	79040	71745	65401	60266	54330	48963	44809	40753	37199	33908	31072	28176	25182	23345	21632	19547	17825	16230	14951	13479	12406	11429	10400	9667	8813	7845	7243	6515	5962	5532	5263	4606	4126	3941	3553	3228	2956	2674	2447	2228	2050	1843	1691	1506	1432	1344	1256	1113	1006	938	850	751	678	673	545	513	503	414	405	366	311	360	294	268	245	232	201	181	182	161	134	129	119	98	92	131	75	54	81	72	57	39	50	50	44	40	40	38	36	26	22	19	26	15	14	16	13	17	17	8	10	9	5	9	13	4	4	3	9	7	5	5	4	4	2	3	1	2	2	1	1	1	2	1	1	2	2	1	0	1	0	1	0	1	1	2	1	0	1	0	0	0	0	1	1	0	0	0	1	0	1	0	0	0	0	0	0	0	0	1	
t	2.000e+00	samples	10000000	xmin	-1.200e+01	bin_w	1.200e-01
	0	0	0	0	0	0	0	0	0	0	0	0	0	0	0	0	0	0	0	0	0	0	0	0	0	0	0	0	0	0	0	0	0	0	0	0	0	0	0	0	0	0	0	0	0	0	0	0	0	0	0	0	0	1	0	0	3	2	4	6	7	8	8	12	14	21	25	33	50	75	72	126	158	206	268	359	437	628	792	1002	1306	1800	2305	3139	4132	5275	7243	9547	12678	17118	22811	30732	42102	57111	79502	110452	157897	231202	360053	721634	803926	521757	428194	373412	334185	304284	280168	259424	241633	226455	211965	200084	188229	178936	168313	160259	151711	144522	136689	130415	123767	117997	112377	107260	102068	96902	93363	88750	84736	80211	76499	73208	69816	66449	63347	60777	57990	54958	52848	50370	48090	45289	43625	41644	39803	38035	36619	34731	33049	31621	29712	28489	27009	26370	24825	23693	22798	21419	20168	19808	18825	17754	17029	16260	15755	14782	14168	13584	12897	12261	11475	11300	10661	10179	9563	9202	8982	8377	8030	7424	7270	6881	6527	6304	5954	5686	5556	5259	4962	4884	4501	4326	4073	3878	3714	3505	3436	3213	2978	2933	2831	2739	2504	2313	2342	2182	2109	1937	1930	1770	1643	1677	1598	1449	1462	1288	1300	1151	1173	1047	1032	1013	965	944	861	793	773	749	685	684	635	561	564	579	489	505	467	452	445	384	369	377	401	337	312	283	296	288	272	287	229	259	212	207	181	192	186	169	158	160	129	146	141	105	123	116	121	113	99	107	81	87	64	90	91	69	47	59	49	60	41	63	62	49	46	57	34	39	29	41	36	33	25	30	35	29	10	20	17	15	23	16	25	22	16	11	23	14	12	11	15	8	13	14	10	11	9	6	5	9	9	13	7	3	5	3	6	5	6	5	4	5	4	2	3	3	9	3	2	4	3	3	5	3	0	3	0	0	1	4	4	1	3	1	1	1	1	0	1	0	0	1	3	0	0	2	3	1	3	0	0	0	0	1	0	0	0	1	2	0	1	0	0	0	0	0	1	0	0	1	0	1	0	1	0	0	0	0	0	0	1	1	0	1	0	1	1	0	0	0	0	0	0	0	0	0	0	0	0	0	0	1	
t	3.000e+00	samples	10000000	xmin	-1.380e+01	bin_w	1.380e-01
	0	0	0	0	0	0	0	0	1	0	0	0	0	0	0	0	0	0	0	0	0	0	1	2	0	0	2	1	5	1	0	3	2	2	5	9	12	9	2	5	11	10	10	19	25	21	30	26	31	39	47	76	71	75	90	121	139	175	204	216	293	300	340	421	498	584	689	793	965	1079	1322	1544	1865	2129	2634	2984	3503	4295	4927	5898	7158	8557	10197	11921	14376	17156	20599	24954	30032	36388	44214	53137	65270	80223	99550	125163	159230	209651	288397	494146	532836	370261	315929	284127	260536	242227	227490	214807	204619	195439	186617	178189	170528	165346	159101	152365	146755	141995	136283	132530	127482	123628	119140	115256	110693	107504	103845	100268	97280	93840	91282	87863	85108	81985	79485	76312	74261	71411	68792	67524	64888	62829	60712	58570	56045	54800	52727	51308	49127	47726	46069	44723	43035	41835	39923	38883	37549	36052	34867	33511	32580	31393	30098	29291	28315	27105	26519	25220	24496	23513	22588	21867	21345	20372	19684	18836	18333	17575	17090	16619	15858	15260	14849	14089	13663	13043	12773	12132	11784	11429	10938	10577	10245	9981	9582	9164	8702	8441	8225	7913	7626	7354	7034	6848	6621	6379	6036	5930	5615	5511	5266	4982	4825	4632	4340	4322	4093	4047	3790	3686	3680	3403	3347	3202	3152	2964	2813	2864	2595	2477	2546	2405	2363	2168	2090	2043	1952	1864	1815	1791	1675	1581	1515	1437	1443	1374	1339	1230	1210	1163	1149	1017	1023	955	974	917	905	871	866	788	800	757	693	696	637	615	619	575	565	543	498	513	474	445	419	415	401	391	374	369	341	329	309	315	301	278	266	251	267	248	267	232	188	195	194	174	202	155	155	174	138	152	153	144	120	136	124	104	114	94	108	103	91	105	88	86	79	81	77	72	71	68	60	64	76	47	60	53	46	56	51	42	49	36	42	42	38	47	35	23	20	32	31	29	26	24	28	18	27	26	27	16	21	21	10	13	11	20	18	19	13	4	22	8	15	10	12	8	12	10	9	13	9	15	8	8	3	4	4	10	6	6	5	1	6	2	4	6	8	3	9	3	6	3	4	1	2	3	3	7	0	2	2	0	2	2	1	1	5	1	2	5	2	1	2	4	3	2	2	5	1	1	1	0	2	2	1	1	4	1	0	2	1	0	1	2	0	0	1	0	0	1	0	1	1	0	0	0	1	0	0	0	0	0	0	0	0	1	1	0	1	0	0	0	0	0	0	0	0	0	0	0	0	1	0	0	0	0	0	0	0	0	0	0	0	0	0	0	0	1	0	0	1	
t	4.000e+00	samples	10000000	xmin	-2.022e+01	bin_w	1.532e-01
	1	0	0	0	0	0	0	0	0	1	0	0	0	0	0	0	0	0	1	0	0	0	4	0	0	0	0	0	3	2	1	0	2	1	1	2	0	2	4	3	3	3	1	3	2	1	9	14	4	2	12	12	9	10	13	12	21	22	22	21	35	28	37	38	35	50	52	62	51	75	78	105	114	119	139	148	169	188	199	249	269	302	344	370	465	519	551	624	725	776	912	1005	1114	1258	1430	1645	1825	2032	2394	2652	3013	3456	3850	4317	4909	5604	6332	7177	8208	9259	10380	11839	13377	15463	17467	20013	22990	26146	30143	34742	39559	45664	53081	61389	72047	84170	100416	120286	145058	180132	233533	370001	393481	286346	250461	230017	214955	203036	193158	185446	178179	171610	165952	161187	155223	151185	147680	142502	138491	134910	131007	128563	124219	120781	118712	115098	112420	109255	106222	103682	101476	97962	95778	93390	90974	88713	86059	83780	81545	78990	76995	74986	72886	70261	69400	67246	65062	63858	61857	60359	58733	56761	55076	53859	51807	50756	49122	47978	46884	45156	43783	42481	40986	40611	39075	37849	36949	35834	34552	33619	32691	31957	31055	29926	28843	28258	27473	26462	25629	24821	24370	23418	22607	22227	21354	20703	20289	19633	19034	18624	17829	17264	16635	16067	15819	15026	14764	14274	13935	13379	12969	12615	12170	11889	11460	11033	10742	10233	9964	9736	9471	9136	8910	8723	8372	7932	7823	7556	7321	6965	6805	6584	6283	6034	6013	5781	5647	5318	5250	5061	4894	4793	4647	4373	4264	4194	4021	3866	3782	3629	3581	3385	3331	3232	3085	3026	2828	2701	2711	2603	2494	2390	2381	2304	2220	2089	2096	1973	1956	1872	1747	1713	1671	1606	1555	1499	1467	1378	1365	1258	1311	1214	1181	1199	1110	1060	1024	979	949	904	901	868	867	812	786	745	799	692	676	676	673	668	636	585	531	514	525	504	483	450	453	427	400	390	372	363	351	352	344	337	335	311	311	297	280	256	282	232	251	216	223	214	229	195	184	198	169	175	161	174	173	164	146	144	138	132	138	118	105	115	92	102	90	98	100	101	81	81	83	89	92	74	71	87	66	66	62	64	49	55	58	46	44	38	52	48	52	31	31	45	36	33	34	32	28	37	23	24	25	31	26	24	22	32	20	14	20	20	13	11	21	14	20	15	19	19	12	19	13	7	11	11	10	14	7	13	8	11	9	17	4	5	8	11	3	6	5	5	5	4	1	6	4	6	3	7	2	6	6	7	2	2	6	3	3	2	4	2	2	1	1	4	1	2	2	5	1	3	8	1	2	1	0	2	3	1	2	1	0	0	3	1	1	2	3	1	0	3	0	0	0	1	0	1	1	0	1	0	0	0	0	1	0	0	1	1	1	0	2	0	1	0	0	0	0	0	1	0	0	1	1	0	0	0	1	0	0	0	0	0	0	0	0	0	0	0	0	0	0	0	0	0	0	0	0	0	0	0	0	1	0	1	0	0	0	0	0	0	0	0	1	0	0	0	0	0	0	0	0	0	0	0	0	0	0	0	0	0	0	0	0	0	0	0	0	0	0	0	1	
t	5.000e+00	samples	10000000	xmin	-2.831e+01	bin_w	1.665e-01
	1	0	0	0	0	0	0	0	0	0	0	0	0	0	0	0	0	0	0	0	0	0	0	0	0	1	0	0	0	1	0	0	0	2	0	0	1	0	1	1	2	0	0	2	3	1	1	1	0	1	4	2	3	3	5	1	2	2	1	3	3	0	6	6	9	4	4	7	8	9	9	6	10	12	12	11	18	23	13	15	23	19	31	25	32	34	48	40	33	42	50	63	71	70	88	88	99	116	105	118	143	141	179	213	198	229	263	300	321	340	381	384	444	437	531	587	672	722	767	807	929	1065	1152	1251	1387	1462	1694	1885	2014	2194	2534	2731	3036	3320	3630	4004	4535	4914	5453	6012	6559	7281	7958	9035	10017	11010	12205	13711	15083	16727	18585	20834	22892	25537	28502	32120	35305	39852	44689	49547	56652	64016	72707	82598	95264	109972	129065	155218	194004	290479	307736	232499	207861	193165	182963	174801	168583	163305	157879	153579	150556	145979	142554	139792	136376	133185	130621	128134	125073	122275	119852	117660	114967	112224	109793	107181	105636	103049	101296	99166	96401	94806	92181	90826	88538	86309	84259	83534	81377	79296	77488	75133	73575	72322	70317	68866	66910	65915	64247	62468	60776	59374	57683	57157	55313	53684	52861	50994	50361	48940	47783	46435	45176	44382	42851	41662	40626	40333	38690	37710	37299	35948	35341	34180	33325	32220	31505	30500	29768	28781	27995	27347	26867	26037	25383	24766	23882	23354	22467	22195	21620	20611	20172	19942	19369	18811	18407	17483	17219	16702	16089	15766	15512	14806	14438	14090	13984	13301	12917	12775	12172	11722	11397	11143	10903	10622	10268	9882	9595	9398	9001	8810	8513	8230	7963	7815	7635	7423	7257	6912	6860	6705	6301	6216	5867	5867	5667	5578	5357	5140	5189	4828	4710	4575	4459	4295	4245	4014	3933	3808	3623	3525	3490	3300	3382	3205	3040	2966	2913	2813	2688	2652	2556	2503	2374	2318	2206	2186	2085	2070	1939	1934	1842	1828	1734	1693	1608	1646	1578	1509	1447	1377	1387	1405	1280	1273	1208	1234	1088	1101	1063	998	994	974	952	899	875	861	824	835	791	761	709	715	679	713	643	674	596	566	572	512	535	471	454	467	454	481	422	394	395	354	383	351	336	342	337	308	303	318	290	303	264	270	224	253	242	228	229	225	199	206	181	183	162	161	187	174	150	160	154	140	138	147	129	132	134	122	128	95	104	94	112	105	87	101	112	90	67	83	73	67	63	72	70	64	77	64	40	45	52	47	43	44	49	54	37	45	51	35	32	40	39	34	33	35	39	34	30	28	40	24	20	28	14	21	21	24	23	16	26	29	13	19	19	10	19	11	13	8	15	17	14	16	16	14	6	9	13	12	13	7	7	8	7	10	6	9	13	9	2	4	7	4	10	2	4	6	4	7	5	4	8	8	4	1	6	8	5	3	4	2	1	3	5	4	2	3	3	4	1	4	3	0	0	0	2	3	2	2	4	3	2	0	3	4	3	2	3	1	2	1	1	0	0	1	0	0	1	1	0	0	0	0	1	1	2	1	1	1	0	0	0	1	1	1	1	2	1	0	0	0	1	0	1	0	1	1	0	0	0	0	0	0	0	0	0	1	0	0	0	0	1	0	0	0	0	0	0	0	0	1	0	0	0	0	0	0	0	0	0	0	0	1	0	0	0	0	0	0	0	0	0	0	0	0	0	0	0	0	0	0	0	0	0	0	0	0	0	0	0	0	0	0	0	0	0	0	0	0	0	0	0	0	0	0	0	0	0	0	0	0	0	0	0	0	0	0	0	0	0	0	0	0	0	0	0	0	0	0	0	0	0	0	0	0	0	0	0	0	0	0	0	0	0	0	0	0	0	0	0	0	1	
t	6.000e+00	samples	10000000	xmin	-3.500e+01	bin_w	1.786e-01
	1	0	0	0	0	0	0	0	0	0	0	0	0	0	0	0	0	0	1	0	0	0	0	0	0	0	0	0	0	0	1	0	1	0	0	0	1	0	0	1	0	0	0	0	0	0	1	1	1	0	1	0	0	4	2	0	0	0	3	4	2	2	0	1	2	1	4	2	0	3	4	5	4	1	4	1	6	4	6	6	8	4	16	12	17	9	8	16	15	15	12	20	23	27	20	31	29	31	39	41	38	46	51	56	50	69	55	71	76	99	89	95	123	125	154	142	133	161	175	220	195	228	258	257	292	336	319	387	409	457	466	560	556	544	663	701	742	839	929	1029	1017	1159	1291	1383	1440	1697	1777	1906	2037	2191	2456	2611	2905	3086	3600	3712	3904	4382	4849	5124	5491	6095	6625	7295	8010	8627	9387	10136	11203	11971	13062	14449	15732	17081	18508	20377	22351	24106	26896	29141	31737	34762	38485	42503	47098	51102	57182	62784	69972	79004	88515	100368	115616	135119	163844	234602	247289	193271	176439	166123	159258	154063	149221	145361	142311	139647	136045	133708	131948	128776	127134	124934	122484	120638	118315	117015	115377	112645	110795	108246	107412	105491	103144	101022	99870	97658	96108	94190	93147	91208	89116	87642	85932	84436	82894	81102	79348	78531	76481	74783	73991	72125	70749	68787	67605	66302	65137	63253	62168	60737	59226	58232	57255	55792	54406	53115	52035	50495	49531	48849	47651	46392	45471	44588	43315	42329	42028	40207	39598	38634	37816	36935	35976	35071	34321	33478	32509	31845	31216	30286	29393	28818	28331	27252	26671	26129	25562	24985	24790	23662	23296	22310	21683	21413	20605	20348	20027	19348	18880	18668	17871	17103	16886	16596	16121	15415	15430	14892	14556	13948	13619	13199	13088	12503	12353	11979	11657	11502	11066	10729	10513	10320	10086	9728	9472	9147	8926	8698	8541	8196	7874	7726	7545	7372	7103	6970	6669	6518	6450	6097	6117	5915	5793	5506	5500	5171	5185	4979	4773	4585	4510	4428	4131	4173	4000	3927	3750	3664	3654	3407	3453	3296	3300	3108	2948	3014	2885	2744	2744	2652	2504	2547	2391	2346	2226	2263	2193	2020	1965	2055	1909	1838	1736	1780	1744	1589	1545	1599	1516	1408	1379	1379	1311	1238	1258	1181	1163	1192	1114	1050	1075	968	990	982	927	861	833	831	826	774	759	717	733	705	709	679	599	613	634	572	597	532	517	534	475	445	443	470	435	430	426	437	403	383	376	391	341	354	343	323	274	291	281	277	270	240	260	264	266	217	242	205	216	206	198	169	181	196	166	161	167	157	156	150	124	135	150	126	129	130	119	123	126	109	119	99	90	86	93	89	83	69	83	69	86	68	59	64	63	64	68	63	57	68	58	60	60	40	54	50	41	35	45	36	42	36	24	31	37	35	41	40	31	23	35	25	27	28	27	24	27	16	18	17	15	20	17	15	20	28	24	15	15	18	11	8	11	16	20	10	14	7	15	12	10	12	5	12	11	6	9	4	17	5	7	7	7	7	11	5	8	6	3	10	1	3	4	6	3	8	7	5	9	6	4	2	5	2	3	4	4	4	4	5	1	3	1	3	1	1	2	2	2	2	3	5	1	1	1	2	1	3	2	0	2	4	1	3	1	1	1	2	1	2	0	0	0	0	2	0	1	0	2	1	1	0	1	0	0	1	1	0	3	0	1	0	0	0	0	0	0	0	0	1	0	0	0	0	0	0	0	1	0	1	0	0	0	0	0	0	2	0	0	0	0	0	0	0	0	0	1	1	0	0	1	0	0	1	0	0	0	0	0	0	0	0	0	0	0	0	0	0	0	0	0	0	0	0	0	0	0	0	0	0	0	0	0	0	0	0	1	0	0	0	0	0	0	0	0	0	0	0	0	0	0	0	0	0	0	0	0	0	0	0	0	0	0	0	0	1	
t	7.000e+00	samples	10000000	xmin	-4.078e+01	bin_w	1.897e-01
	1	0	0	0	0	0	1	0	0	0	0	0	0	0	0	0	0	0	0	0	0	0	0	0	0	0	0	0	0	0	0	1	0	0	0	1	2	0	0	0	0	1	1	0	0	1	0	1	0	0	1	2	1	0	1	2	2	1	0	1	0	2	1	2	2	1	0	3	2	2	3	1	0	4	5	2	5	5	6	4	3	7	2	8	6	5	12	7	4	8	9	23	9	20	15	12	21	21	21	31	19	27	35	26	27	19	34	38	43	34	42	61	63	63	59	65	83	85	93	107	110	125	127	110	147	160	173	169	159	216	205	241	243	233	282	336	333	360	386	441	434	487	499	553	556	654	711	705	760	833	928	977	1041	1119	1225	1334	1397	1421	1641	1713	1761	2015	2129	2356	2421	2797	2875	3128	3268	3585	3905	4196	4450	4769	5130	5491	5912	6374	6870	7385	8057	8645	9363	10040	11033	11654	12518	13502	14689	15673	16810	18320	19880	21088	22932	24860	26779	28765	31373	33867	36888	40001	43081	47419	51411	56162	61272	67351	74352	82463	91885	103998	119001	141166	193563	203733	164693	152248	145551	140050	136559	133456	131104	129191	126072	124551	123318	121294	119482	118571	116414	115176	113296	111737	110523	109174	107362	106345	104765	102884	101527	99999	99132	97489	96497	94925	92777	92155	90597	88739	87787	86099	85323	82891	81939	80725	79135	78167	76328	75514	73549	72154	71246	69544	68539	66959	66449	65194	63980	62076	61178	60130	58548	57610	56177	55143	54165	53197	52511	51535	50061	49349	47780	46958	46403	45428	43994	43358	42885	41273	40562	39515	39177	38289	36970	36382	35636	35114	34087	33235	32259	32119	30971	30470	29741	28880	28714	27582	27372	26705	25758	25165	24728	24261	23521	23081	22525	21791	21308	20998	20686	19910	19255	18842	18428	17903	17546	17124	16625	16535	15922	15501	15117	14900	14690	14029	13791	13303	13035	12844	12415	12033	11832	11527	11319	10924	10715	10422	10226	9747	9716	9382	9204	8610	8682	8511	8076	8249	7904	7461	7539	7196	7071	6761	6729	6585	6361	6075	5983	5771	5605	5494	5508	5280	5007	4933	4826	4706	4529	4452	4293	4227	4093	4132	3899	3830	3569	3620	3469	3520	3299	3115	3144	2991	3022	2913	2813	2648	2643	2555	2458	2473	2425	2408	2243	2113	2020	2035	1980	1933	1865	1807	1697	1695	1646	1602	1577	1523	1576	1440	1423	1390	1350	1239	1271	1236	1181	1172	1117	1067	1037	1003	974	1012	968	909	905	894	868	811	822	786	767	757	699	649	654	645	633	612	577	612	619	550	537	523	522	495	439	455	454	464	453	395	408	396	367	369	347	327	335	350	314	329	298	310	259	292	250	261	210	216	222	214	239	214	192	196	170	169	179	157	170	138	166	151	156	151	138	155	129	139	157	123	119	111	125	98	106	104	108	90	88	105	102	83	71	79	76	70	77	69	79	72	60	65	64	55	44	70	53	52	58	57	39	52	46	49	49	36	37	25	32	35	22	26	42	34	38	21	42	32	20	16	32	18	28	15	19	27	20	16	20	23	16	18	10	22	13	14	7	15	14	11	12	19	12	10	12	14	13	20	6	5	14	7	11	7	7	6	13	12	8	5	8	5	4	9	3	8	3	3	6	6	9	3	5	6	7	4	3	3	0	4	4	3	6	2	2	3	2	3	1	1	3	4	1	1	4	2	2	4	0	2	5	4	1	3	1	1	1	1	2	2	1	0	1	0	1	1	1	3	0	1	2	2	1	0	0	1	0	2	0	1	1	0	2	0	0	0	2	1	1	2	0	0	0	1	1	0	0	1	0	1	0	0	0	1	0	0	0	1	1	1	0	0	1	0	0	0	1	0	0	0	0	0	0	0	1	0	0	0	0	0	1	0	0	0	0	0	0	1	0	0	0	0	0	0	0	0	0	0	0	0	0	0	0	0	0	0	0	0	0	0	0	0	0	0	0	0	1	
t	8.000e+00	samples	10000000	xmin	-4.240e+01	bin_w	2.000e-01
	1	0	0	0	0	0	0	0	0	0	0	0	0	0	1	0	0	1	1	0	0	0	0	1	0	0	0	0	0	1	0	0	0	0	0	0	0	0	1	0	1	0	3	5	0	4	0	0	2	1	1	2	2	5	4	3	1	2	1	2	8	2	8	6	2	7	6	6	11	9	13	6	6	9	15	9	10	9	12	16	10	18	16	19	26	20	26	30	22	21	42	41	38	37	32	35	44	43	65	56	62	69	63	76	72	94	86	99	98	113	129	147	145	160	168	182	177	181	228	217	218	243	245	270	271	311	332	364	392	398	449	432	518	555	567	609	715	659	752	836	862	911	945	1074	1126	1131	1306	1401	1445	1520	1638	1685	1884	2011	2167	2348	2463	2625	2886	3099	3220	3428	3600	3891	4127	4485	4861	5009	5393	5833	6179	6325	7002	7589	8192	8375	9070	9781	10276	10858	11753	12623	13580	14533	15626	16484	17578	18891	20320	21524	23152	24735	26759	28586	30185	32793	35089	37807	40261	43614	46972	50652	54915	59318	64479	69613	76467	84707	93983	105498	123457	162706	170031	142199	133669	127755	125195	122213	120312	118966	117590	115507	114658	113052	112108	111606	109867	109296	107727	106715	105713	104887	103883	102773	101685	100133	99780	98711	96655	96036	94516	93354	92753	91533	89872	88932	87868	86015	85361	84240	82546	81768	80230	79300	77780	77117	75967	75011	73090	72338	71039	70324	69097	67822	66773	65188	64086	63252	62363	61224	60064	59304	58050	56732	56106	54886	54279	53022	52059	50722	49744	48856	48338	47547	46347	45239	44652	43745	43114	41599	41056	40400	39653	38901	37541	37160	36185	35879	34565	33920	33420	32510	32189	31567	30661	30243	29509	28756	28461	27687	27072	26513	25851	25027	24859	24125	23682	23099	22794	22158	21490	21059	20576	20096	19845	19285	18640	18430	18225	17705	17046	16934	16461	16023	15736	15368	15034	14396	14378	13803	13669	13039	12860	12515	12367	11861	11726	11425	11288	10999	10611	10319	10188	9803	9555	9376	9270	8993	8660	8484	8243	8044	7831	7796	7610	7340	7073	7011	6785	6621	6450	6319	6179	6023	5822	5669	5585	5333	5263	5073	4885	4915	4787	4658	4537	4387	4139	4155	4064	3928	3807	3868	3682	3551	3530	3355	3277	3267	3132	3058	2993	2918	2798	2790	2692	2497	2427	2397	2404	2298	2319	2233	2100	2041	1985	2081	1942	1855	1869	1722	1756	1698	1598	1608	1515	1514	1462	1420	1340	1359	1386	1203	1252	1208	1158	1180	1160	1059	973	1041	1000	955	937	907	914	872	786	793	817	798	766	724	762	731	677	708	655	605	654	555	550	589	539	531	482	514	487	502	438	472	435	397	400	419	385	349	353	316	347	347	315	309	319	299	296	293	283	284	251	252	256	227	205	259	199	220	208	225	182	204	161	157	146	165	137	149	132	147	137	133	145	126	126	118	121	99	127	104	105	116	94	94	77	92	90	84	83	100	72	75	88	74	79	81	63	70	72	76	53	69	59	53	54	52	49	49	55	38	48	45	35	45	48	28	40	39	26	27	32	35	37	35	41	33	21	21	24	21	24	26	25	17	16	18	18	14	15	16	18	26	21	8	12	17	14	14	14	12	7	13	1	14	5	7	10	12	6	11	12	6	7	11	10	7	8	9	10	9	5	6	14	5	2	3	5	9	5	1	2	5	3	5	4	9	5	3	5	2	2	0	5	5	4	2	2	3	1	3	2	1	3	4	2	3	1	3	0	1	1	2	0	2	0	4	0	2	0	1	0	2	1	1	0	1	1	0	0	1	0	2	0	0	0	1	4	2	3	1	0	0	1	0	0	0	0	1	0	0	0	0	0	0	0	0	0	0	0	0	0	0	0	0	0	0	0	0	0	0	0	1	0	0	0	0	0	0	0	0	0	0	0	0	0	0	0	0	0	0	0	0	0	0	0	0	1	0	1	0	0	0	0	1	0	0	0	1	1	1	0	1	0	0	0	0	0	0	0	0	0	0	0	0	0	0	0	0	0	0	1	0	0	0	0	1	
t	9.000e+00	samples	10000000	xmin	-5.201e+01	bin_w	2.097e-01
	1	0	0	0	0	0	0	0	0	0	0	0	0	0	0	0	0	0	0	0	0	0	0	0	1	1	0	0	0	0	0	0	1	0	0	0	0	0	1	0	2	0	1	0	0	1	0	2	1	0	2	0	2	0	0	0	0	0	2	2	1	1	2	0	2	3	2	2	3	0	1	3	2	1	2	5	3	2	0	2	2	3	3	4	4	6	4	4	5	6	15	7	9	6	2	10	5	15	12	11	13	16	10	20	16	12	13	24	16	28	23	24	22	20	20	39	29	42	33	37	31	49	31	48	36	50	47	65	68	53	79	83	72	79	82	96	104	95	132	141	123	130	159	127	156	185	225	201	216	215	255	258	285	299	330	335	396	389	396	439	460	469	525	577	591	631	659	733	721	788	821	859	932	983	1127	1130	1196	1286	1328	1480	1558	1597	1786	1839	1983	2063	2266	2362	2584	2607	2806	2972	3115	3341	3490	3754	4033	4253	4514	4795	5121	5463	5661	6186	6506	6748	7274	7793	8264	8818	9328	9956	10526	11294	11831	12572	13138	14193	15014	15875	17067	18011	19449	20348	22053	23140	24605	26230	27796	29407	31324	33442	35745	37897	40392	43642	46101	49516	53112	57204	61081	66063	72115	78117	85614	94410	108074	138886	145698	123999	117800	114129	111764	110259	109168	107886	106985	106677	105023	105405	104379	103649	103273	102260	101159	101046	99640	99146	97955	97886	96713	96059	94977	94186	93506	92586	91821	90647	90092	89124	87927	86943	85873	84504	83705	83129	81785	81156	79880	79024	78390	76409	75895	74361	73827	72467	71623	70775	69758	68594	67752	66661	65442	64487	63472	62873	62313	60536	60138	58676	58463	56275	56017	54991	53743	52677	52187	51414	50678	49820	48573	47587	46944	46116	45376	44332	44097	42629	42146	41595	40847	40070	39218	38372	37678	36222	36139	35537	34569	34278	33448	33011	32224	31425	30857	30078	29645	29075	28611	27682	27361	26720	26162	25528	24956	24688	24048	23519	22894	22755	22097	21619	21248	20974	20208	19804	19510	18788	18693	18313	17855	17425	16941	16719	16220	16011	15462	15276	14831	14630	14368	14005	13377	13169	12934	12680	12445	12200	11931	11533	11316	10949	10455	10571	10313	10049	9874	9597	9317	8869	8980	8677	8421	8216	8057	7829	7737	7567	7254	7243	6967	6871	6685	6358	6276	6182	6169	5932	5865	5653	5316	5389	5142	5114	4952	4835	4731	4617	4644	4398	4356	4192	3923	3932	3811	3727	3692	3541	3538	3337	3225	3160	3154	3049	3042	2988	2806	2779	2705	2593	2510	2514	2451	2408	2408	2167	2142	2142	2110	2028	1931	1930	1740	1806	1829	1819	1671	1585	1574	1524	1529	1493	1419	1467	1382	1267	1352	1304	1229	1209	1125	1139	1163	1036	1086	1048	981	991	954	954	823	853	835	849	794	783	726	747	734	664	659	690	655	630	606	582	559	567	492	540	499	498	493	498	474	439	448	396	390	392	387	339	367	359	367	347	333	272	312	312	269	271	313	281	254	257	229	237	246	233	231	240	199	208	182	201	209	176	162	154	175	172	168	166	158	159	142	131	128	133	127	136	118	104	125	121	103	111	101	100	80	100	92	85	102	68	94	72	88	68	78	64	55	60	63	53	59	47	48	49	63	53	45	51	44	49	43	47	50	55	30	36	47	39	39	41	36	27	29	40	26	28	19	31	26	23	25	27	19	24	22	30	21	20	17	17	26	14	13	15	9	13	10	12	11	6	11	15	17	21	12	12	18	12	13	10	12	15	9	6	14	5	9	7	6	7	5	8	9	9	11	8	6	3	4	4	5	8	3	4	7	4	7	4	5	3	1	6	6	1	3	5	1	3	4	2	2	4	1	1	1	3	2	4	2	0	2	3	4	2	3	3	2	0	0	0	2	4	0	2	0	1	1	1	0	1	0	0	0	2	1	1	2	4	1	0	2	1	0	0	2	0	1	1	1	0	1	1	0	0	2	1	0	2	0	0	1	0	0	0	0	0	0	1	0	0	0	0	0	0	0	1	1	0	1	0	2	0	0	0	0	1	0	0	0	0	0	0	0	0	0	0	1	1	1	0	0	0	0	0	0	0	0	0	1	0	0	0	0	0	1	0	0	0	0	0	1	1	0	0	0	0	0	1	0	0	1	0	0	0	0	0	0	0	0	0	0	0	0	0	0	0	0	0	0	0	0	0	0	0	0	0	0	0	0	0	0	1	
t	1.000e+01	samples	10000000	xmin	-5.078e+01	bin_w	2.189e-01
	1	0	0	0	0	1	1	1	0	1	0	0	0	0	0	2	0	1	1	1	0	2	0	0	1	2	0	0	0	0	1	2	0	2	0	1	1	0	1	0	2	5	2	0	2	5	0	2	2	2	3	4	1	5	3	5	3	6	1	5	10	5	8	6	1	4	10	9	6	7	5	8	12	11	9	13	10	11	22	16	15	8	16	24	18	17	29	23	26	24	19	31	26	29	40	33	38	39	40	59	59	56	63	54	71	86	72	84	90	77	86	82	96	119	109	118	125	137	172	176	158	157	187	184	195	216	220	270	235	260	298	311	297	350	389	377	401	432	451	492	537	578	566	635	635	708	759	797	795	845	921	985	1003	1070	1156	1163	1310	1337	1420	1541	1620	1635	1777	1888	2074	2148	2233	2405	2448	2621	2773	2963	3076	3246	3501	3712	3853	4059	4363	4552	4855	5094	5415	5667	6109	6417	6797	7219	7584	7936	8523	8929	9405	10073	10559	11201	11914	12426	13097	13821	14860	15645	16472	17321	18370	19359	20717	21484	22820	24065	25521	27221	28569	30143	31737	33735	35926	38006	39824	42989	45434	48335	51286	54495	58432	61967	66898	71565	78130	85636	96879	120479	124827	109470	105301	102948	101340	99936	99874	98394	98422	98581	98352	97406	96640	96453	96120	95583	95624	95387	94467	94120	93600	92885	92272	91532	91043	90402	89619	89223	88898	87684	87447	86115	85627	84662	83572	83247	82090	81356	80793	79664	79096	78380	77183	76392	75217	74416	73410	72743	71861	70917	69902	69333	68120	66664	66109	65396	64483	63605	62497	62010	61127	60031	58685	58203	57185	56424	55934	54733	54058	53125	52372	51271	50025	49595	48937	48097	47521	46811	45758	44986	44013	43087	42822	42122	41350	40376	39485	39065	38288	37472	37048	36328	35547	35291	34329	33718	33544	32552	32062	31158	30750	30281	29521	28944	28293	27489	27300	26587	25990	25944	24952	24815	24406	23968	23272	22762	22522	21970	21428	21266	20427	20276	19897	19400	18984	18683	18048	17824	17394	17091	16594	16387	15894	15821	15231	14875	14733	14554	14054	13650	13561	13137	12813	12709	12476	12057	11939	11529	11285	11165	10890	10729	10345	10097	9838	9483	9429	9167	9154	8818	8525	8101	8256	7943	7741	7592	7311	7404	7235	6754	6607	6628	6507	6233	6140	6085	5866	5869	5569	5296	5328	5312	5136	4884	4907	4798	4524	4564	4452	4274	4231	4165	4133	3859	3848	3601	3515	3470	3454	3366	3261	3273	3099	2983	2997	2904	2846	2713	2710	2613	2488	2531	2482	2421	2217	2282	2278	2207	2108	2051	1999	1997	1873	1861	1780	1759	1703	1657	1610	1645	1556	1554	1418	1458	1390	1375	1281	1298	1202	1182	1187	1195	1160	1049	1074	1060	1017	982	937	934	895	859	861	817	850	804	782	748	754	683	706	706	644	644	698	593	562	564	561	545	500	581	504	472	467	459	427	403	441	425	420	408	392	392	379	356	335	330	367	309	327	307	301	263	301	274	245	223	274	218	239	237	212	226	205	174	195	190	215	190	179	168	179	168	150	138	168	146	145	132	128	148	132	127	115	107	127	105	135	101	97	107	95	93	90	117	102	89	80	76	78	76	89	75	66	76	79	85	74	62	58	71	51	53	47	44	41	42	57	47	54	36	38	48	39	43	35	44	40	36	34	31	29	32	34	22	26	29	35	33	27	35	25	16	26	16	24	25	19	18	14	12	15	21	14	17	12	15	17	13	9	15	12	10	13	21	11	12	15	8	9	13	11	7	8	3	6	6	5	12	8	6	4	8	8	4	7	6	7	5	1	8	0	2	3	8	3	4	5	4	5	5	1	0	2	1	3	4	2	2	5	0	2	3	2	2	4	5	1	1	2	4	1	0	2	4	1	3	2	4	2	1	5	4	2	1	2	1	2	4	0	2	4	1	1	2	0	0	1	1	1	0	1	1	1	0	0	0	0	0	1	0	1	1	1	0	0	0	0	1	0	0	0	0	2	1	1	0	2	1	0	0	0	0	0	1	0	0	2	0	0	0	1	0	0	1	0	0	1	0	0	0	0	0	0	0	1	0	0	0	0	0	0	1	0	0	0	0	0	1	0	0	0	0	1	0	0	0	0	0	0	0	0	0	0	0	0	1	0	0	0	0	0	0	0	0	0	0	0	0	0	0	0	0	0	1	1	
