NEW_RUN	dt	dT_out	m	eta	kT	F	D
1.0000e-03	5.0000e-03	1.0000e+00	1.0000e+00	1.0000e+00	2.0000e+01	1.0000e+00
x
t	5.000e-01	samples	15000000	xmin	-1.503e+00	bin_w	3.006e-02
0	0	0	0	0	0	0	0	4	7	2	13	21	24	55	82	121	224	372	598	862	1434	2146	3398	4991	7114	10104	14804	20800	28163	38822	51559	68555	88805	114255	144037	178759	219958	264961	315280	367841	424210	481154	537072	591071	640093	680816	714409	736092	747606	747860	735823	713456	680454	640671	589915	535774	481407	424912	368062	315482	265521	219916	180189	143832	113515	88389	68139	51657	38768	28432	20611	14927	10286	7169	4851	3249	2208	1438	919	545	340	245	140	89	43	22	25	10	9	4	0	1	1	0	0	0	0	0	0	
t	1.000e+00	samples	15000000	xmin	-3.003e+00	bin_w	6.006e-02
0	2	3	1	15	14	25	51	66	100	162	216	358	508	808	1098	1581	2130	3046	4232	5768	7908	10618	14095	18818	24701	31632	40563	51006	64068	79783	98105	118459	142055	169397	199340	231289	267222	304550	342128	380873	420881	458157	495118	528773	558347	582358	601898	615363	622226	621474	615149	602128	582594	557339	528781	494292	459386	420689	381520	342112	303438	266982	232358	199177	170343	142508	118316	97397	79492	64540	51241	40318	31685	24667	18985	14247	10602	8006	5886	4283	3027	2164	1524	1041	769	544	384	244	153	102	72	37	17	23	20	14	4	3	1	2	0	2	2	0	1	
t	1.500e+00	samples	15000000	xmin	-4.773e+00	bin_w	9.006e-02
2	2	0	5	5	10	23	35	56	65	103	149	244	330	483	691	1025	1418	1943	2616	3659	4922	6625	8931	11648	15193	20063	25294	32254	40821	50640	62738	76827	93907	111862	133403	157725	183606	211636	242955	276016	310243	344650	379819	415751	447494	478479	509808	533811	555031	571947	582473	589562	588885	584061	571800	555157	532965	508694	479757	449083	414206	379863	345651	309618	276322	243202	212595	183153	157195	133628	111926	93675	76908	62527	50684	40884	32452	25724	19789	15430	11766	8947	6726	4946	3603	2648	1965	1395	959	691	469	356	235	131	113	71	46	36	26	10	10	5	8	0	3	1	0	1	0	0	0	0	0	0	1	
t	2.000e+00	samples	15000000	xmin	-6.723e+00	bin_w	1.201e-01
1	2	1	1	1	1	10	13	14	23	29	65	67	130	176	240	389	556	786	1072	1558	2094	2817	3901	5225	7076	9403	12545	16118	20988	26625	33776	42360	52361	64834	78839	95389	113897	135668	159427	186394	214379	244806	277012	310513	345486	379460	413985	445865	476730	504864	530307	550732	566717	578646	584208	583530	578633	567095	551741	531060	505117	477445	445889	413169	379198	345252	311740	276485	244803	214631	186240	159489	135635	114048	95543	79347	64939	52453	42174	33666	26729	21002	16174	12304	9427	7190	5323	3924	2910	2149	1494	1066	751	540	338	268	172	106	65	51	33	30	15	17	4	2	5	5	0	1	0	0	0	0	1	
t	2.500e+00	samples	15000000	xmin	-8.403e+00	bin_w	1.501e-01
1	0	1	2	3	2	3	7	17	19	35	42	77	106	149	197	319	448	655	932	1310	1789	2534	3572	4702	6209	8674	11599	15130	19432	24966	31429	40573	50165	61791	75950	92575	111586	131614	156989	183077	211391	243003	275308	310455	344953	379168	414885	448930	481080	510398	535919	556548	573515	583878	591185	590588	584587	573013	557652	535867	508694	480547	448763	415309	381450	344763	310112	275505	242391	212090	183287	156395	132201	111164	92437	76198	62309	50057	40420	31962	25085	19533	14882	11390	8728	6483	4724	3381	2592	1799	1335	991	625	459	292	222	151	88	67	32	31	14	8	17	6	0	3	2	0	0	1	1	
t	3.000e+00	samples	15000000	xmin	-9.903e+00	bin_w	1.801e-01
1	1	0	0	2	2	6	8	17	23	28	48	86	115	155	220	342	451	689	1078	1420	2018	2807	3981	5341	7119	9618	13038	16967	22310	28251	36301	45912	56987	71232	86920	105417	126604	150740	177817	205749	238704	272907	307542	343941	381449	416559	452982	487174	519008	545398	567531	585804	596702	604848	602814	596643	585335	566697	546202	517527	488373	452516	418317	381681	343739	307939	271710	238005	207050	177537	150801	126644	105692	87355	71150	57078	46000	36499	28402	22366	17011	12881	9784	7176	5341	3917	2750	2032	1457	1035	724	490	315	239	138	96	62	30	26	17	13	7	9	2	1	0	1	1	0	0	2	0	0	1	
t	3.500e+00	samples	15000000	xmin	-1.113e+01	bin_w	2.101e-01
1	0	1	2	3	2	9	5	23	33	40	75	97	154	243	342	472	729	1067	1543	2180	3057	4279	5721	7943	10567	14052	18891	24628	32167	40828	51477	64473	80798	98255	119211	143069	170435	200288	232110	267205	304804	342497	382041	421401	458061	494653	526314	556714	581659	600815	613226	620209	620556	614214	599922	580343	557158	527462	495770	458078	420984	381366	342500	304286	267682	232226	200024	170523	143866	119221	98294	80352	65350	51822	40778	31987	24653	18884	14196	10878	8004	5796	4181	2931	2104	1436	1092	775	487	329	212	137	93	71	33	27	18	8	10	2	3	1	0	2	0	1	2	0	0	0	1	
t	4.000e+00	samples	15000000	xmin	-1.224e+01	bin_w	2.401e-01
2	0	3	1	1	5	8	21	31	33	65	85	149	201	331	518	769	1080	1555	2192	3243	4650	6217	8523	11643	15626	20902	27413	35480	45915	58110	73057	90756	111295	135528	162183	192308	225083	261875	300058	340346	380863	423091	465075	502979	537467	568866	596709	616638	631979	638001	638802	630752	617670	595599	569879	536454	502315	465203	423056	382388	341186	299831	261840	225542	192841	162455	134398	111412	90551	73080	58236	46132	35840	27499	20989	15823	11798	8728	6244	4410	3082	2169	1619	1095	707	512	317	220	139	88	62	52	16	15	9	4	5	1	4	1	0	0	0	0	1	
t	4.500e+00	samples	15000000	xmin	-1.350e+01	bin_w	2.701e-01
1	0	1	5	4	3	7	16	27	39	51	72	146	216	313	482	795	1101	1641	2389	3369	4809	6673	9396	12918	17338	23401	30682	40107	51621	65783	82695	102782	126189	153985	184104	217902	255332	295042	338085	380716	424620	469074	509451	548451	583181	613880	633437	648948	657527	658819	649572	633612	610868	581818	549543	510707	468641	425958	381662	338317	294803	255136	217906	184242	153566	125661	103163	82725	65932	51876	40242	30692	23634	17595	13054	9435	6671	4668	3352	2383	1636	1102	772	520	317	217	142	79	65	41	19	9	9	7	2	2	0	0	0	1	
t	5.000e+00	samples	15000000	xmin	-1.500e+01	bin_w	3.001e-01
0	0	0	0	3	2	8	13	9	17	32	35	101	138	216	323	540	748	1138	1667	2566	3664	5281	7447	10359	14191	19457	26158	34949	45660	58709	74981	94097	117553	144736	174677	210076	248836	290466	333408	379003	425998	473701	516725	558810	596575	628288	652708	667135	679023	676228	669557	651841	627668	594581	558796	517103	473805	426914	380872	334342	288655	248637	209928	175028	143828	117958	94483	75031	58950	45662	35152	26344	19645	14626	10477	7241	5221	3525	2532	1733	1215	770	529	337	205	143	82	49	40	18	8	4	7	2	0	0	1	0	0	
v
t	5.000e-01	samples	15000000	xmin	-4.260e+00	bin_w	6.000e-02
	2	0	2	2	3	1	2	6	4	18	16	22	34	43	65	77	117	164	206	284	363	445	613	825	1021	1321	1704	2067	2663	3376	4274	5414	6661	8349	10088	12545	15170	18410	22010	26446	31587	37318	44160	51709	60289	70313	80737	92736	105497	120339	135011	151387	169447	188507	206487	227516	248069	268212	288630	309662	330712	350332	367901	385919	401479	416390	427084	438631	445777	450532	453526	452993	451070	445406	438698	427456	415485	401056	386324	368856	349619	329303	310584	288494	267513	246716	226629	207135	188587	169247	151327	135712	120136	105133	92632	80564	70550	60639	52188	44519	37604	31666	26231	22177	18613	15391	12474	10128	8233	6638	5438	4313	3467	2761	2133	1689	1307	1062	852	657	455	378	274	186	135	116	81	61	44	34	17	21	15	7	13	8	3	3	4	5	1	3	1	1	
t	1.000e+00	samples	15000000	xmin	-4.800e+00	bin_w	6.000e-02
	1	2	1	0	3	7	7	6	10	17	27	33	34	42	48	53	89	141	171	185	248	313	425	525	704	888	1018	1338	1569	1954	2338	2954	3521	4295	5037	6323	7579	8943	10574	12606	14967	17215	20596	23939	27750	31974	37015	42239	48546	55335	62238	70384	79291	88848	99271	110150	122005	133973	146832	159860	173661	188482	203722	218148	233781	249381	263771	278552	293505	305679	320857	333482	344127	354718	363694	371190	377713	382488	385706	387370	387745	386720	382787	377620	371209	364096	354453	344595	333751	320732	307032	293752	279145	264646	248673	234458	219204	203314	188656	174598	159888	146933	134016	121336	109872	99071	88734	78999	71181	62371	55005	48312	42625	36749	32353	27568	23796	20560	17691	14931	12706	10794	8813	7620	6255	5204	4433	3528	2859	2337	1936	1553	1301	1063	847	662	526	409	311	259	203	169	123	92	82	54	52	43	26	19	14	10	10	5	7	3	1	0	2	2	2	2	1	0	0	1	
t	1.500e+00	samples	15000000	xmin	-5.280e+00	bin_w	6.000e-02
	2	1	1	2	2	0	1	2	2	9	6	5	12	12	17	25	28	39	32	59	71	92	117	141	185	237	315	379	426	609	752	922	1102	1340	1645	2014	2348	2949	3462	4286	5091	6159	7286	8487	10121	12111	13937	16347	19068	22106	25363	29247	33256	38444	43866	49451	56082	62715	70169	78550	87216	97097	107065	117708	128334	140973	152337	165061	178024	192301	205247	219464	233117	247532	260012	273556	286687	299570	312212	321651	331867	341605	348341	355441	361135	364961	368168	370974	369865	368237	364492	361386	355672	349573	341073	332293	321706	310564	298904	286633	275103	261364	247445	234077	220349	205368	191467	179126	165622	152988	139809	128904	116957	106521	97059	87220	78848	70222	62483	55728	49503	43483	38373	33742	29625	25194	21716	18962	16172	13815	11938	10166	8776	7317	6030	5097	4256	3568	2949	2423	2073	1608	1401	1095	918	704	618	495	377	321	216	179	152	108	89	64	65	43	36	32	18	21	10	5	7	5	2	3	3	2	3	1	0	0	1	1	
t	2.000e+00	samples	15000000	xmin	-5.760e+00	bin_w	6.000e-02
	1	0	0	0	0	0	0	0	0	1	0	0	4	1	1	1	2	10	11	11	15	15	20	35	30	39	83	74	82	111	154	177	247	292	363	475	534	725	835	1040	1244	1545	1929	2394	2895	3328	4105	4865	5633	7006	7989	9616	11132	12998	15303	17641	20702	23876	27390	31495	35491	40392	45776	52077	57879	65436	72289	81104	89741	99886	110307	119558	131261	143132	154092	166277	180533	193470	205902	219899	233161	246803	260150	272092	284664	296199	308294	317907	327913	336220	343313	350333	355186	359151	362295	362930	362344	363092	359729	355253	350785	343326	337159	327966	317251	307319	297077	285182	271768	260269	245794	233047	219939	206444	193514	179659	167439	153991	142631	130608	120106	109998	99532	90155	80734	73070	65187	58443	51574	45852	40478	35593	31265	27340	23703	20684	17699	15272	13111	11077	9693	8197	6917	5759	4824	3981	3503	2775	2289	1960	1476	1336	1031	833	700	532	444	353	271	239	190	145	101	89	82	56	35	37	19	23	12	14	11	7	5	6	0	1	2	1	1	1	0	0	1	1	
t	2.500e+00	samples	15000000	xmin	-5.400e+00	bin_w	6.000e-02
	1	0	1	1	3	0	1	1	2	5	9	6	11	12	12	22	20	37	37	44	59	77	100	142	160	188	255	330	386	497	622	766	958	1120	1390	1672	1924	2447	3020	3563	4238	4977	6021	7149	8354	9807	11654	13431	15820	18135	21331	24261	27781	32077	36099	41327	46564	52962	59357	66107	73943	82034	91012	100813	110757	121066	131894	142881	155861	167016	179916	193945	207028	219920	232724	245934	259243	271282	283342	295417	306776	316428	326269	334487	341597	348862	353213	357353	360314	361954	361581	359613	356726	351961	347959	342593	334086	325494	316941	306754	294351	284416	271377	259511	246922	234020	219654	206249	194213	180404	167560	156036	143055	131699	120511	110816	99872	90917	82413	74181	66148	58966	52706	46679	41537	36289	31705	28027	24437	21070	18374	15672	13618	11542	10055	8250	7116	5985	5065	4282	3580	2987	2532	1994	1672	1385	1113	875	775	610	456	399	361	273	201	158	133	86	85	68	47	34	29	23	18	15	12	8	8	4	3	4	3	0	2	3	1	0	0	0	0	0	0	0	0	0	1	
t	3.000e+00	samples	15000000	xmin	-5.340e+00	bin_w	6.000e-02
	2	1	0	2	1	5	2	3	7	4	4	15	7	16	21	26	34	37	44	52	81	90	134	151	234	258	344	417	489	625	717	971	1183	1414	1701	2001	2407	2930	3671	4356	5201	6136	7356	8468	10001	11799	13567	16077	18438	21257	24481	28216	31997	36595	41921	46804	53052	59234	66508	74150	82695	90848	100740	109908	120922	132233	143292	155963	168071	180722	193338	206631	219423	232909	245625	259043	271426	282796	295613	306525	316567	325996	333467	340934	347462	352335	356827	359531	360502	361925	358924	356804	352219	347236	342284	334847	325126	315823	306117	294531	283117	271635	259996	245982	233797	219699	206101	193714	181336	167943	155266	143141	131949	120884	110690	101067	91471	81943	74172	66216	59605	52934	46796	41691	36718	32298	28271	24465	21500	18747	15834	13588	11743	10201	8482	7172	6177	5145	4250	3655	3011	2532	2051	1784	1371	1149	958	790	619	513	408	321	243	199	161	115	97	80	63	52	45	32	34	26	10	9	11	11	1	5	4	2	1	2	2	0	0	0	0	2	
t	3.500e+00	samples	15000000	xmin	-5.460e+00	bin_w	6.000e-02
	1	0	0	1	0	0	2	3	4	1	3	8	8	9	11	12	23	23	29	31	47	74	79	111	130	182	193	248	336	373	533	600	744	959	1106	1425	1743	2127	2473	2977	3567	4320	5098	5957	7259	8685	10036	11794	13820	16233	18475	21674	24442	28186	32370	36850	41919	46993	53211	59546	66921	74170	82639	91093	100605	111132	121592	132884	144460	155910	167722	180244	193454	206104	219003	233297	246452	257717	271839	283120	294761	305122	315719	325089	334522	340343	346565	352313	355651	358444	361336	360575	358536	357015	353232	347499	340538	333822	325779	315881	304962	295818	282641	272123	259189	246754	232811	219939	206946	193899	181420	168080	155761	143148	132570	121257	110573	100672	91246	82798	74281	66668	59331	53105	47182	41242	36834	32228	28322	24465	21422	18400	15966	13785	11994	10119	8575	7251	6201	5153	4446	3634	2932	2432	2159	1693	1443	1074	1019	744	607	512	388	311	289	221	166	143	116	88	49	56	35	23	22	17	22	15	15	10	11	3	1	1	4	1	1	0	1	0	1	
t	4.000e+00	samples	15000000	xmin	-5.340e+00	bin_w	6.000e-02
	1	0	0	1	0	1	0	2	4	2	4	11	12	10	20	20	30	37	52	60	96	119	133	175	214	264	326	433	480	632	802	966	1168	1333	1712	2095	2561	3043	3574	4347	5155	6199	7238	8455	10019	11827	13615	16072	18569	21114	24600	28263	32075	36942	41660	47146	53445	59475	66541	74596	82298	90752	101305	110183	120817	132228	143864	155722	168242	180438	194384	206320	219952	232932	245482	258877	271872	283153	294661	305820	316280	325018	334473	341044	347296	353007	355519	358493	361002	359963	359235	357167	352865	347161	341141	333592	324138	316625	305947	294322	283102	270495	258607	245657	233612	220974	206476	193400	180226	168575	155968	143964	132713	120963	110912	100564	91200	82290	74479	66970	59970	53285	47188	41728	36592	32129	28316	24619	21823	18507	15971	13664	11694	10064	8551	7297	6200	5158	4281	3632	3043	2498	2113	1769	1409	1164	926	809	631	524	432	294	262	191	182	126	107	93	63	49	36	25	21	23	8	14	8	8	7	2	4	4	1	1	1	
t	4.500e+00	samples	15000000	xmin	-5.760e+00	bin_w	6.000e-02
	1	1	0	0	0	0	0	0	0	1	0	1	1	1	7	5	2	6	6	13	22	18	21	35	39	46	66	76	100	135	141	232	280	320	398	508	618	741	893	1148	1378	1724	2076	2472	2944	3680	4320	5217	6132	7290	8509	9945	11918	13925	15976	18424	21514	24517	28027	31992	36693	41874	47414	53228	59370	66796	74337	83564	91716	101194	110650	121627	131909	144176	155595	168050	180739	193288	206648	220114	233287	246702	259545	271033	283258	295062	305540	316559	325613	332735	340138	347247	353484	355307	358983	360713	360238	359474	356129	350643	347928	340970	332644	325629	315748	305893	294416	283423	270891	258595	245725	233303	219756	207167	193218	180125	168043	156500	143309	132372	121612	111134	100547	92159	82633	73965	66461	59328	53221	47012	41736	36557	32481	28322	24714	21714	18400	16085	13666	11642	10118	8680	7363	6151	5280	4359	3659	2988	2551	2072	1701	1418	1178	995	775	644	496	419	329	255	213	149	153	104	87	53	52	45	24	27	27	15	8	10	4	6	2	3	1	2	2	3	0	0	0	0	0	0	0	0	0	0	0	0	1	
t	5.000e+00	samples	15000000	xmin	-5.580e+00	bin_w	6.000e-02
	1	0	1	0	2	0	1	1	0	0	4	5	2	6	6	5	13	15	22	21	29	40	55	65	81	103	119	167	209	269	347	379	471	607	797	927	1193	1415	1767	2084	2469	2981	3616	4350	5187	6100	7214	8612	10065	11767	13766	16018	18540	21376	24848	28211	32352	36592	41862	47321	53065	59526	66928	74404	82905	91278	101473	110358	121729	132630	143245	155828	168958	180892	192795	206561	218845	232869	245286	258433	270979	283525	295032	305093	316127	324750	333782	340457	348067	352272	355823	359780	360691	360995	358696	356687	352991	347376	340865	333630	325326	316222	305296	294784	283253	271016	258051	246328	232935	219925	206120	193747	180782	168545	155981	143747	132488	121336	110792	101471	91215	82696	74879	66671	59681	53219	47058	41704	36583	32068	28016	24733	21250	18456	16083	13574	11582	10054	8605	7262	6152	5181	4310	3629	3161	2566	2087	1724	1398	1172	994	832	598	564	430	309	293	193	160	128	106	96	71	54	36	25	16	16	20	14	9	4	4	3	0	2	1	2	1	0	1	1	1	
