NEW_RUN	dt	dT_out	m	eta	kT	F	n_samples
1.0000e-03	3.0000e-03	1.0000e+00	1.0000e+00	1.0000e+00	2.5820e+01
x
t	3.300e-02	samples	100000000	xmin	-1.700e-01	bin_w	3.400e-03
0	0	0	0	0	0	0	0	0	0	0	0	0	0	0	0	0	0	0	0	0	0	0	0	0	0	0	0	0	0	0	0	0	0	0	0	0	0	0	0	0	0	18	586	13594	176647	1326250	5944022	16091172	26444661	26451855	16088211	5947305	1325599	175806	13712	552	10	0	0	0	0	0	0	0	0	0	0	0	0	0	0	0	0	0	0	0	0	0	0	0	0	0	0	0	0	0	0	0	0	0	0	0	0	0	0	0	0	0	0	
t	1.650e-01	samples	100000000	xmin	-8.300e-01	bin_w	1.660e-02
0	0	0	0	0	0	0	0	0	0	0	0	0	0	0	0	0	0	0	0	0	0	0	0	0	0	0	0	0	0	0	0	1	12	59	253	1150	4063	13745	42420	118992	299358	685411	1419575	2649988	4463967	6788329	9303033	11469827	12739275	12740713	11468413	9298525	6787305	4470019	2649165	1419514	686845	300326	118218	42230	13713	4035	1142	289	67	21	2	0	0	0	0	0	0	0	0	0	0	0	0	0	0	0	0	0	0	0	0	0	0	0	0	0	0	0	0	0	0	0	0	
t	2.970e-01	samples	100000000	xmin	-1.490e+00	bin_w	2.980e-02
0	0	0	0	0	0	0	0	0	0	0	0	0	0	0	0	0	0	0	0	0	0	0	0	0	0	0	4	7	25	76	218	768	2206	5643	13912	33302	74124	155892	307611	576205	1015193	1678750	2618302	3836873	5276649	6804088	8243443	9364332	9988361	9991450	9368861	8242315	6807420	5274205	3834737	2618716	1680166	1014963	576864	309161	155158	73857	32970	14124	5713	2120	802	274	91	36	7	5	1	0	0	0	0	0	0	0	0	0	0	0	0	0	0	0	0	0	0	0	0	0	0	0	0	0	0	
v
t	3.300e-02	samples	100000000	xmin	-5.000e+00	bin_w	1.000e-01
	0	0	0	0	0	0	0	0	0	0	0	0	0	0	0	0	0	0	0	0	0	0	0	0	0	0	0	0	0	0	0	0	0	0	0	0	11	53	482	2911	13972	56751	198896	592079	1505854	3270627	6079409	9680090	13190794	15402615	15397446	13194657	9684999	6081175	3274945	1506558	592798	198932	56799	13739	2850	472	76	10	0	0	0	0	0	0	0	0	0	0	0	0	0	0	0	0	0	0	0	0	0	0	0	0	0	0	0	0	0	0	0	0	0	0	0	0	
t	1.650e-01	samples	100000000	xmin	-5.000e+00	bin_w	1.000e-01
	0	0	0	0	0	0	0	0	0	0	0	0	0	0	0	0	0	0	0	3	0	6	19	34	81	216	514	1114	2248	4634	9433	18241	33792	61162	107206	180178	295222	466982	712696	1052927	1499710	2067760	2757929	3537448	4382830	5246032	6059536	6743115	7245843	7511628	7512545	7251885	6747183	6053136	5246651	4381598	3536470	2753657	2070531	1502190	1052366	711491	467220	295345	180977	106704	60897	33634	18274	9540	4813	2331	1113	519	241	79	45	15	8	0	2	0	0	1	0	0	0	0	0	0	0	0	0	0	0	0	0	0	0	0	
t	2.970e-01	samples	100000000	xmin	-5.000e+00	bin_w	1.000e-01
	0	0	0	0	0	0	0	0	0	0	2	2	1	5	4	19	35	72	138	238	441	887	1526	2733	4564	8022	13509	21988	35406	56316	86765	131597	194680	285118	405802	566047	773388	1033457	1352463	1730135	2167613	2646380	3170664	3714043	4252637	4758314	5206866	5576894	5835251	5966079	5963982	5830874	5576927	5211819	4760514	4254498	3713635	3170182	2649859	2164912	1729355	1351356	1032700	772628	565410	405075	285831	195883	131397	86754	56571	35472	22098	13364	8009	4670	2673	1575	874	464	261	132	77	31	21	8	6	2	0	0	0	0	0	0	0	0	0	0	0	0	
